"BRANZ Mat 3, 13 mm michelo angelo ceiling panel (FR)"
"Number of HRR Curves", 1
"Heat Flux",35
"Number of HRR Data Pairs",804
"sec,kw/m2"
0.00,30.00
0.65,32.58
2.53,36.25
4.25,39.11
6.28,41.49
8.15,42.50
10.03,44.40
11.90,46.31
13.78,46.97
16.43,47.97
19.40,47.16
21.28,47.61
23.00,47.82
25.03,47.92
26.90,48.26
28.78,46.80
30.65,47.34
32.37,46.47
34.40,45.01
36.28,44.28
38.15,44.22
40.03,43.26
41.90,42.58
43.62,41.18
46.67,40.43
49.40,40.15
52.53,39.92
53.15,39.48
55.03,39.64
56.90,43.08
58.62,42.24
60.65,42.00
62.53,41.72
64.40,41.53
66.28,41.34
68.15,40.67
70.03,40.41
71.90,39.68
73.78,39.92
76.43,38.79
79.25,38.46
81.28,38.36
83.15,38.41
85.03,37.14
86.90,36.53
88.78,36.82
90.50,36.50
92.53,37.53
94.40,36.70
96.28,36.76
98.15,36.05
99.87,35.90
101.90,35.55
103.78,35.49
106.67,35.40
109.40,34.65
111.28,34.32
113.15,33.95
114.87,34.17
116.90,33.46
118.78,33.47
120.65,32.76
122.53,32.56
124.25,31.97
126.28,31.84
128.15,31.93
130.03,32.09
131.90,32.19
133.62,32.28
136.63,32.17
139.40,32.28
141.12,31.93
143.15,32.00
145.03,31.78
146.90,31.16
148.78,31.27
150.65,31.17
152.53,29.89
154.25,30.14
156.28,30.23
158.15,30.28
160.03,29.79
161.90,29.86
163.62,29.33
166.67,29.14
169.40,28.91
171.28,28.98
173.15,29.19
175.03,29.39
176.90,29.37
178.62,29.85
180.65,29.28
182.53,29.18
184.40,29.21
186.28,29.15
188.00,29.22
190.34,29.04
191.90,28.88
193.78,28.55
196.67,28.82
199.40,28.28
202.53,28.43
203.46,27.62
205.03,27.30
206.90,27.46
208.78,27.39
210.96,28.01
212.53,28.41
214.40,28.04
216.28,27.69
218.15,27.48
220.03,27.55
222.21,27.35
223.78,27.32
226.67,27.22
229.40,27.29
231.28,27.29
233.46,26.25
235.03,26.77
236.90,26.41
239.09,26.87
240.65,27.05
242.53,27.39
244.40,27.65
246.28,27.35
248.15,27.64
251.28,27.55
252.21,27.51
253.78,27.26
256.90,27.43
259.40,27.44
261.28,26.98
263.15,27.12
265.34,27.18
266.90,27.38
268.78,27.74
270.65,28.60
272.53,28.79
274.40,28.94
276.59,28.81
278.15,28.81
280.03,28.77
281.90,28.89
283.78,28.80
286.63,29.09
289.40,29.54
291.28,29.54
293.15,29.06
295.03,29.36
296.90,29.91
299.09,29.73
301.90,31.54
302.84,31.97
304.40,31.76
306.28,31.87
308.15,31.70
310.03,32.08
311.90,32.16
313.78,32.24
316.63,32.03
319.40,32.83
321.59,32.80
323.15,33.32
325.03,33.88
326.90,34.70
328.78,35.35
330.96,35.20
332.53,35.25
334.40,35.85
336.28,36.28
338.15,36.33
340.03,35.86
341.90,36.29
343.78,36.32
346.90,36.28
349.40,36.66
352.53,38.18
353.46,38.02
355.34,37.76
356.90,38.47
358.78,38.21
360.65,38.26
362.53,38.32
364.40,38.86
366.28,39.41
368.46,39.89
370.03,40.02
371.90,39.89
373.78,39.98
376.63,39.94
379.40,39.86
381.28,40.51
383.15,40.49
385.03,40.31
387.21,41.01
388.78,41.78
390.65,42.13
392.53,42.19
394.40,41.90
396.28,41.81
398.15,42.21
401.28,42.09
403.15,42.10
403.78,43.00
406.63,43.12
409.40,43.37
411.28,43.65
413.15,42.89
415.03,43.51
416.90,43.56
418.78,43.37
420.96,44.38
422.53,44.70
424.40,44.70
426.28,44.41
428.15,44.12
430.03,44.39
432.21,43.96
433.78,44.19
436.67,44.79
439.40,45.13
441.28,45.30
443.46,44.32
445.03,44.77
446.90,44.81
448.78,45.37
451.90,45.64
452.84,47.39
454.40,47.47
456.59,47.24
458.15,47.40
460.03,46.92
461.90,46.86
463.78,47.58
466.63,48.18
469.40,48.49
471.28,48.57
473.15,47.78
475.03,48.90
476.90,48.90
479.09,49.61
480.65,50.51
482.53,51.10
484.40,50.98
486.28,50.80
488.15,50.31
490.34,50.61
491.90,51.00
493.78,50.58
496.63,50.81
499.40,50.75
502.53,50.82
503.46,50.29
505.03,50.33
506.90,50.31
509.09,50.64
510.65,50.80
512.53,50.60
514.40,50.04
516.28,49.04
518.15,49.78
520.34,50.72
521.90,50.52
523.78,49.56
526.67,49.00
529.40,49.55
531.59,48.89
533.15,48.48
535.03,48.88
536.90,48.94
538.78,47.74
540.65,47.50
542.84,47.01
544.40,46.96
546.28,47.53
548.15,47.91
550.03,47.00
551.90,46.37
554.09,45.95
556.43,46.14
559.40,45.09
561.28,46.18
563.15,45.91
565.34,46.29
566.75,45.30
568.78,44.45
570.65,44.42
572.53,44.64
574.40,44.24
576.28,44.36
578.15,43.92
580.34,43.68
581.90,42.36
583.78,42.93
586.67,43.11
589.71,42.73
591.28,42.96
593.15,41.79
595.03,41.75
596.90,41.43
598.78,41.21
601.90,40.74
603.78,40.92
604.40,40.54
606.28,40.12
608.15,39.83
610.03,38.91
611.90,39.70
614.09,39.20
616.67,39.15
619.71,38.77
621.28,38.67
623.15,37.16
625.03,36.32
626.90,37.27
628.78,37.36
630.65,36.57
632.53,36.37
634.71,35.10
636.28,35.06
638.15,35.15
640.03,35.46
641.90,34.50
643.78,34.18
646.63,33.52
649.40,33.06
651.28,32.56
653.15,33.19
655.03,32.73
657.21,31.76
658.78,30.93
660.65,30.93
662.53,31.86
664.40,30.77
666.28,29.47
668.15,29.12
670.34,28.59
671.90,28.10
673.78,28.61
676.67,27.49
679.40,26.18
681.59,25.65
683.15,24.62
685.03,24.43
686.90,25.16
688.78,25.64
690.65,24.78
692.84,24.31
694.40,23.87
696.28,24.44
698.15,25.39
701.28,25.20
703.15,25.25
704.09,24.91
706.67,24.61
709.40,25.59
711.28,25.19
713.15,24.77
715.34,24.26
716.90,23.77
718.78,24.02
720.65,25.38
722.53,24.99
724.40,24.29
726.28,23.69
728.46,23.47
730.03,23.80
731.90,23.98
733.78,23.77
736.67,23.48
739.71,23.54
741.28,23.06
743.15,23.48
745.03,23.52
747.21,23.15
748.78,22.45
750.65,21.94
752.53,22.58
754.40,22.76
756.59,22.88
758.15,22.80
760.03,22.38
761.90,22.18
763.78,23.56
766.67,23.63
769.71,23.63
771.28,23.60
773.15,22.79
775.03,23.14
776.90,23.85
778.78,23.39
780.96,22.64
782.53,22.08
784.40,22.95
786.28,23.14
788.15,23.74
790.03,22.74
792.21,22.65
793.78,21.87
796.67,22.09
799.40,22.87
802.53,22.74
804.40,22.59
805.34,22.14
806.90,21.98
808.78,22.48
810.65,22.56
812.53,21.97
814.71,21.44
816.28,21.51
818.15,21.94
820.03,22.73
821.90,22.20
823.78,22.27
826.63,22.00
829.40,21.90
831.28,22.64
833.15,22.21
835.03,22.06
837.21,21.91
838.78,21.06
840.65,21.60
842.53,21.71
844.40,21.86
846.28,21.19
848.46,21.13
850.03,21.83
851.90,21.67
853.78,21.79
856.67,21.69
859.71,21.05
861.28,21.16
863.15,22.08
865.03,21.90
866.90,21.00
868.78,20.94
870.65,20.53
872.84,20.65
874.40,19.81
876.28,19.24
878.15,18.76
880.03,19.23
881.90,19.77
884.09,19.35
886.67,19.39
889.40,19.09
891.28,18.91
893.15,19.52
895.34,19.23
896.90,19.07
898.78,18.70
901.90,18.69
903.78,19.16
904.40,19.20
906.59,19.24
908.15,18.85
910.03,18.86
911.90,18.96
913.78,19.14
916.90,19.25
919.40,19.27
921.28,18.51
923.46,18.19
925.03,19.32
927.21,19.32
928.78,18.82
930.96,18.99
932.53,18.97
934.71,19.59
936.28,19.24
938.46,19.24
940.03,18.98
942.21,18.91
943.78,18.93
946.63,19.47
949.40,19.32
951.59,19.33
953.15,19.23
955.34,19.01
956.90,18.10
959.09,19.18
960.65,18.71
962.53,18.04
964.40,18.24
966.28,17.56
968.46,18.27
970.03,18.89
971.90,18.82
973.78,18.13
976.63,18.23
979.40,17.96
981.28,18.12
983.15,19.20
985.03,18.77
987.21,18.17
988.78,18.42
990.65,18.20
992.53,19.02
994.40,18.89
996.28,18.55
998.15,18.93
1001.28,17.97
1003.15,18.07
1004.09,19.00
1006.90,18.71
1009.40,18.37
1011.28,18.55
1013.46,18.50
1015.03,18.17
1016.90,18.72
1018.78,19.07
1020.65,18.96
1022.53,18.14
1024.40,18.10
1026.28,19.03
1028.46,19.42
1030.03,19.28
1031.90,18.11
1033.78,18.09
1036.63,18.57
1039.40,19.13
1041.28,18.92
1043.15,18.71
1045.03,18.33
1047.21,17.76
1048.62,19.11
1050.96,19.31
1052.53,18.73
1054.40,18.26
1056.28,18.40
1058.15,19.16
1060.03,18.97
1061.90,18.08
1064.09,18.17
1066.67,17.73
1069.40,18.54
1071.59,19.06
1073.15,18.86
1075.03,18.49
1076.90,18.28
1078.78,18.58
1080.65,18.53
1082.53,18.84
1084.40,18.14
1086.59,17.98
1088.15,18.96
1090.03,18.93
1091.90,18.68
1094.09,18.12
1096.67,17.89
1099.71,18.94
1102.53,18.82
1104.40,18.84
1105.03,18.16
1107.21,17.50
1108.78,18.60
1110.65,18.89
1112.53,18.16
1114.40,17.48
1116.28,18.44
1118.46,18.90
1120.03,18.87
1121.90,17.83
1123.78,17.82
1126.63,19.01
1129.40,18.79
1131.28,18.89
1133.46,18.81
1135.03,17.91
1136.90,19.04
1138.78,19.02
1140.65,18.56
1142.53,18.71
1144.71,18.81
1146.28,18.87
1148.15,18.87
1150.03,18.07
1151.90,18.92
1154.09,19.04
1156.67,18.84
1159.40,18.75
1161.28,18.18
1163.46,19.04
1165.03,19.29
1166.90,19.29
1168.78,18.43
1170.65,19.08
1172.84,18.93
1174.40,18.91
1176.28,18.84
1178.15,18.27
1180.03,18.91
1182.21,19.13
1183.78,19.18
1186.67,18.58
1189.40,18.11
1191.59,19.05
1193.15,19.39
1195.03,19.04
1196.90,18.48
1198.78,18.89
1200.65,19.16
1202.84,19.12
1204.40,18.78
1206.28,18.89
1208.15,19.10
1210.03,19.26
1211.90,18.99
1214.09,19.13
1216.67,18.37
1219.71,18.85
1221.28,19.18
1223.15,19.29
1225.03,19.04
1226.90,18.08
1229.09,18.97
1230.65,18.97
1232.53,18.95
1234.40,18.43
1236.28,19.13
1238.15,19.38
1240.03,19.14
1241.90,18.89
1244.09,18.91
1246.67,19.32
1249.71,19.15
1251.28,18.89
1253.15,18.07
1255.03,19.21
1256.90,19.27
1258.78,19.22
1260.65,18.83
1262.84,19.37
1264.40,19.21
1266.28,19.34
1268.15,18.89
1270.34,18.92
1271.90,19.31
1273.78,19.18
1276.67,19.37
1279.71,19.18
1281.28,18.95
1283.15,19.39
1285.03,19.34
1286.90,19.30
1288.78,18.81
1290.96,19.41
1292.53,19.28
1294.40,19.29
1296.28,19.05
1298.15,19.15
1301.28,19.45
1303.15,19.32
1305.03,18.99
1306.67,18.55
1309.40,19.24
1311.28,19.47
1313.46,19.60
1315.03,18.65
1316.90,19.05
1318.78,19.18
1320.65,19.27
1322.53,18.77
1324.40,19.42
1326.28,19.21
1328.15,18.96
1329.87,18.92
1332.21,18.64
1333.62,19.03
1336.67,19.15
1339.40,19.15
1341.28,18.93
1343.15,19.06
1345.03,19.27
1346.90,19.71
1348.78,19.13
1350.65,18.79
1352.53,19.34
1354.40,19.40
1356.12,19.18
1358.15,18.55
1360.03,19.02
1361.90,19.80
1363.78,19.35
1366.67,19.07
1369.40,18.61
1371.12,19.51
1373.15,19.26
1375.03,19.41
1376.90,19.14
1378.78,19.55
1380.65,19.41
1382.37,19.31
1384.71,18.83
1386.28,19.09
1388.00,19.53
1390.03,19.41
1391.90,19.32
1393.78,18.98
1396.67,19.23
1399.40,20.00
1401.28,19.28
1403.00,19.29
1405.03,19.08
1406.90,19.28
1408.78,19.69
1410.65,19.07
1412.37,19.09
1414.40,19.35
1416.28,20.07
1418.15,19.42
1420.03,19.01
1421.90,18.62
1423.62,19.43
1426.63,19.98
1429.40,19.82
1431.12,19.15
1433.46,19.02
1434.87,19.28
1436.90,19.60
1438.78,19.14
1440.65,18.06
1442.53,19.20
1444.25,19.38
1446.28,19.39
1448.15,18.99
1450.03,19.04
1451.90,19.36
1453.78,19.33
1456.67,19.13
1459.40,18.24
1461.28,19.24
1463.15,19.23
1464.87,19.25
1466.90,19.11
1468.78,19.55
1470.65,19.32
1472.53,19.25
1474.25,18.92
1476.28,19.76
1478.15,20.02
1480.03,19.36
1481.90,19.28
1483.78,19.27
1486.43,19.35
1489.40,19.37
1491.12,19.05
1493.15,18.62
1495.03,19.24
1496.90,19.27
1498.78,19.02
1501.90,19.60
1503.78,20.23
1504.71,19.32
1506.12,18.94
1508.15,18.88
1510.03,19.26
1511.90,19.36
1513.78,18.97
1516.63,18.79
1519.40,19.50
1521.28,19.50
1523.15,19.21
1525.34,19.04
1526.90,19.12
1528.78,19.42
1530.65,19.14
1532.53,19.17
1534.40,19.74
1536.28,19.35
1538.15,19.27
1540.03,19.05
1541.90,19.57
1544.09,19.17
1546.67,19.33
1549.40,18.91
1551.28,19.12
1553.46,19.81
1555.03,19.45
1556.90,18.93
1558.78,19.23
1560.65,20.02
1562.53,19.03
1564.40,19.00
1566.59,19.63
1568.15,19.17
1570.03,19.06
1571.90,18.63
1573.78,19.49
1576.63,19.32
1579.40,19.19
1581.28,18.91
1583.15,20.02
1585.03,19.43
1586.90,18.72
1589.09,18.97
1590.65,19.25
1592.53,19.06
1594.40,19.44
1596.28,19.81
1598.15,20.00
1600.34,19.51
1601.90,19.24
1603.78,19.55
"Ignition Data"
"Number of Pairs",3
"kw/m2,sec,kw/m2 " 
75,10.4,136.4
50,19.7,84.6
35,108.1,52.3