"Material Description"
"Number of HRR Curves",4
"Heat Flux",35
"Number of HRR Data Pairs",404
"sec,kw/m2"
0,64.1
1.9,65.5
3.6,61.4
6,54
8.3,44.2
10.3,40.8
12.2,34.4
14.1,30.2
15.9,26.5
17.6,24.3
20.1,22.9
22.3,22.2
24.4,21.4
26.3,20.2
28.6,19.3
30,18.4
32.3,17.6
34.1,17.3
36.6,16.7
38.9,16
40.6,15.8
42.2,15.8
44.1,15.3
45.8,15.4
47.6,15.2
50.1,14.5
52.3,15.1
54.4,14
56.3,14.1
58.1,13.9
59.8,14
61.7,13.8
63.8,13.3
66,13.2
68.4,13.5
70.3,13
72.2,13.1
73.9,12.9
75.8,13.1
77.8,13.1
80.1,12.8
82.5,12.7
84.4,12.6
86.3,12.5
87.9,12.5
90,12.4
91.9,12.2
93.8,12.1
96,12
98.4,12.3
100.1,12
102.2,12.1
104.1,11.8
105.9,11.8
107.8,11.8
110,11.7
112.3,11.6
114.8,11.5
116.1,11.5
117.9,10.9
120,10.8
121.9,11.3
123.6,10.5
126,11.1
128.3,10.5
130.3,11
132.2,10.8
134.1,10.6
135.8,10.3
137.6,10.2
140.1,10
142.3,10
144.2,9.1
146.3,9.9
148.1,9.6
150,9.6
151.7,10
153.8,9.8
156,10.1
158.4,9.5
160.3,9.9
162.2,9.5
165,9.8
165.8,9.7
167.8,9.5
170.1,9.8
172.3,9.3
174.4,9.9
176.3,9
177.9,9.3
179.8,9.3
181.9,9.2
183.8,9.5
186,9.2
188.4,9.5
190.1,9.6
192,8.9
194.1,8.9
195.9,8.8
197.8,8.7
200.2,8.9
202.5,8.3
204.2,9
206.3,8.5
208.1,8.6
210,8.6
211.7,8.1
214.2,8.4
216,8.3
218.3,8.4
220.3,8.4
222.2,8.3
223.9,8.5
225.9,8.2
227.8,8.4
230.1,8.1
232.3,8.2
234.4,8.3
236.3,8.3
237.9,7.9
239.8,8.1
241.9,8
243.8,8.3
246.2,7.7
248.4,8.2
250.3,7.7
252,7.7
254.1,8
255.9,7.6
257.8,7.7
260.1,7.8
262.5,7.2
265.3,7.5
266.1,7.7
268.1,7.5
270,7.3
271.9,7.2
273.6,7.5
276,7.4
278.4,7.7
280.3,7.1
282,6.9
283.9,7.3
285.9,7.1
287.8,6.8
290,6.8
292.5,6.6
294.4,7.1
296.1,6.3
298.1,6.7
300,6.8
301.9,6
303.6,6.2
306,6.3
308.3,6.1
310.1,6.7
312,6.3
315,6.4
315.8,6.5
317.6,6.2
320.1,5.9
322.3,6.1
324.2,6
326.3,6.3
328.1,6
330,6.2
331.7,6.1
333.8,5.8
336,5.9
338.4,5.6
340.3,5.8
342.2,6.3
344.1,5.5
345.8,6
347.8,6.1
350.1,5.8
352.3,5.7
354.4,6.1
356.3,5.2
358.1,5.9
359.8,5.3
361.7,5.6
364.2,5.3
366,5.2
368.3,5.5
370.3,5.1
372.2,5.2
373.9,5.6
375.9,5.4
377.8,5.6
380.2,5.1
382.5,5.4
384.4,5.2
386.3,4.9
387.9,5.4
389.8,5.2
391.9,5.1
393.8,5.6
396,4.9
398.4,5.4
400.1,5
402.2,5.5
404.1,5
405.9,5.1
407.8,5.2
410,5.3
412.5,5.2
414.8,5.6
416.3,5.5
418.1,5.5
420,5.6
421.7,5.3
423.8,4.9
426,5.2
428.4,4.9
430.3,5.2
432.2,5.3
434.1,5.1
435.8,4.9
437.8,5.2
440.1,4.9
442.5,5.1
444.4,5.2
446.3,5
448.1,5
449.8,5.1
451.9,5
453.8,5.3
456,5.1
458.4,5.2
460.3,5.1
462,4.9
463.9,4.7
465.9,5
467.8,5.1
470.2,5.3
472.5,4.9
474.2,5
476.3,5.1
477.9,4.9
480,5.1
481.9,4.9
483.6,4.6
485.9,5.1
488.3,4.9
490.3,4.9
492.2,4.9
494.1,4.4
495.9,5.2
497.6,4.9
500.1,4.7
502.3,4.9
504.4,4.8
506.3,4.8
508.1,4.6
510,4.7
511.7,4.6
514.2,4.3
516.2,4.9
518.4,4.9
520.3,4.8
522,4.8
524.1,4.6
525.9,4.7
527.8,4.9
530.2,4.8
532.5,4.9
534.2,4.5
536.3,4.8
538.1,4.2
540,4.6
541.7,4.3
543.6,4.5
546,4.3
548.3,4.7
550.3,4
552.2,4.7
554.1,4.5
555.9,4.4
557.6,4.7
560.1,4.6
562.3,4.6
564.4,4.6
566.3,4.5
567.9,4.8
569.8,4.2
571.9,4.2
573.8,4.5
576.2,4.2
578.4,4.3
580.3,4
582,4.5
584.1,4.5
585.9,4.6
587.8,4.3
590,4.3
592.5,4.7
594.2,4
596.1,4.3
598.1,4.6
600,4.3
601.7,4.6
603.8,4.2
606,4.2
608.3,4.5
610.1,3.9
612.2,4.6
615,4.2
615.9,4.3
617.8,4.6
620,4.2
622.5,3.8
624.4,4.4
626.1,4.3
628.1,4.5
630,4.5
631.9,3.7
633.6,4.2
636,4.4
638.3,4
640.3,4.3
642.2,4
644.1,4
645.8,4
647.8,4.3
650.1,4.2
652.5,4.5
654.4,4.2
656.3,4.3
657.9,4.1
659.8,4.1
661.9,4.2
663.8,4.5
666,3.9
668.4,4.2
670.3,4
672,4.2
673.9,4.2
675.9,4.2
677.8,4
680.2,4
682.5,3.7
684.4,3.6
686.1,4.3
688.1,3.9
690,3.7
691.9,4.2
693.8,3.3
696,3.9
698.4,3.8
700.1,3.6
702.2,4
704.1,3.7
705.9,3.9
707.8,3.9
710,3.7
712.5,3.6
715.3,3.3
716.1,4
718.1,3.3
720,3.6
721.9,3.6
723.6,3.3
726,3.7
728.3,3.4
730.3,3.8
732.2,3.5
734.1,3.3
735.8,3.5
737.6,3.6
740.1,3.6
742.3,3.7
744.2,3.5
746.1,3.7
748.1,3.4
750,3.8
751.9,3.4
753.6,3.8
756,3.6
758.3,3.7
760.1,3.6
762.2,3.4
764.1,3.6
765.8,3.7
767.6,3.3
770.1,3.6
772.3,3.5
774.4,3.6
776.3,3.7
777.9,3.4
779.8,3.5
781.9,3.8
783.8,3.4
786,3.7
788.3,0
790.3,0
792.2,0
794.1,0
795.8,0
797.8,0
800.1,0
802.3,0
804.4,0
806.3,0
"Heat Flux",50
"Number of HRR Data Pairs",324
"sec,kw/m2"
0,62.3
4.5,56.2
9.2,37
12.9,20.3
16.7,15
20.4,13.5
24,12.4
27.9,12.9
32.8,12.2
37.5,11.6
41.2,11.9
44.8,12.4
48.4,11.9
52.1,12.2
55.9,12.3
59.8,11.8
64.5,11.2
69.2,11.4
72.9,11.4
76.5,11.8
80.3,11.3
84.2,11.1
87.9,12.3
92.5,12
97.3,11.3
101.1,12.2
104.6,12.5
108.4,12.8
112.3,12.7
116.1,12.1
119.6,12.1
124.4,12.7
129,12.4
132.7,11.3
136.5,10.4
140.4,10.9
144.2,10.3
147.7,9.9
152.5,9.6
157.1,9.1
160.9,8.8
164.8,8.7
168.6,8.9
172.1,8.4
175.9,8.4
179.7,8.3
184.5,8.2
189.2,8.3
192.9,8.8
196.7,8.8
200.2,8.1
204,7.5
207.8,7.2
212.5,6.7
217.2,6.9
221.5,6.7
224.8,6.8
228.4,6.8
232.1,7.2
235.9,7.8
239.7,7.2
244.5,6.2
249.2,6.4
252.9,5.8
256.5,6.1
260.2,6.5
264,6.1
267.8,5.9
273,5.8
277.3,5.9
281.1,6
284.6,6.5
288.4,6.2
292.2,6
296.1,5.9
299.8,6.3
304.4,6.2
309,5.5
312.7,5.3
316.5,5.4
320.6,5.6
324.2,5.6
327.9,5.4
332.6,6.3
337.3,6.3
340.9,6
344.6,5.4
348.4,5.4
352.3,5.6
356.1,5.3
359.8,5.6
364.4,5.7
369.6,5.5
372.7,5.6
376.5,5.5
380.3,5.5
384.2,5.7
387.9,5.3
392.5,5.6
397.3,5.4
400.9,5.6
404.7,5.8
408.6,5.8
412.3,5.7
416.1,5.7
420,5.3
424.3,5.2
429,5.1
432.8,5.1
436.7,5.7
440.4,6.1
444,6.3
447.7,7
452.4,7.5
457.1,8
460.9,8.2
464.8,8.9
468.6,9.8
472.1,10.5
475.9,10.5
479.8,10.3
484.5,9.9
489.2,9.6
492.9,9.1
496.7,8.7
500.2,8.3
504,7.9
507.9,7.8
512.6,7.4
517.3,7.1
521.5,6.8
524.8,7
528.4,7
532.1,6.6
535.9,6.7
539.8,7.3
544.5,7.8
549.2,8.2
552.9,9.3
556.5,9.7
560.3,9.6
564.2,9.6
567.9,9.9
572.5,9.6
577.3,9.9
580.9,10.2
584.6,10.3
588.4,10.1
592.3,10
596.1,9.6
599.6,9
604.4,8.6
609,8.4
612.8,8.6
616.7,7.8
620.9,7.7
624.2,7.8
627.9,7.5
632.5,7
637.1,7.1
640.9,7.2
644.6,6.8
648.4,6.8
652.3,7
656.1,6.6
659.6,7
664.4,7
669,6.7
672.7,6.7
676.5,6.8
680.4,6.6
684.2,6.2
687.7,6.4
692.4,6.7
697.1,6.6
700.9,6.4
704.8,6.7
708.6,6.2
712.1,6.4
715.9,6.5
720,6.5
724.4,6.6
729,6.4
732.8,6.6
736.7,6.5
740.4,6.4
744.2,6.3
747.7,6.8
752.4,6.6
757.1,6.4
760.9,6.1
764.8,6.2
768.6,6.3
772.3,6
775.9,5.9
779.7,5.9
784.5,5.7
789.2,5.8
792.9,6.1
796.7,6.2
800.4,6.2
804,5.8
807.8,6.2
812.6,5.9
817.3,5.8
821.5,5.7
824.7,5.9
828.6,6.1
832.3,5.9
836.1,6
839.6,5.6
844.3,6.2
849,6.1
852.8,6.5
856.7,6.3
860.4,6
864,5.9
867.8,5.8
872.5,5.9
877.1,6.2
880.9,6.1
884.8,6.3
888.6,6.1
892.1,5.8
895.9,5.9
899.8,6.6
904.4,6.6
909,7
912.9,7.4
916.7,7.1
920.9,6.8
924.2,6.5
927.7,7
932.4,7.1
937.2,7.7
941.1,7.4
944.8,7
948.6,6.1
952.1,6.2
955.9,6.2
959.7,5.8
964.5,6.2
969.2,6.3
972.9,6
976.7,6.1
980.2,6.1
984,5.8
987.9,6.1
992.6,5.8
997.3,5.8
1001.1,5.8
1004.6,6
1008.4,5.6
1012.2,5.9
1016.1,5.7
1019.6,5.8
1024.4,6
1029,6.1
1032.8,6
1036.7,6.2
1040.4,5.9
1044.2,6.2
1047.7,6
1052.5,5.7
1057.1,5.8
1060.9,5.6
1064.7,6
1068.6,5.7
1072.3,5.9
1075.9,5.6
1079.7,5.8
1084.5,5.8
1089.2,6
1092.9,6
1096.7,5.8
1100.2,5.5
1104,6.1
1107.9,6.2
1112.5,5.7
1117.2,5.6
1121.5,5.8
1124.6,6.1
1128.4,5.5
1132.3,5.8
1136.1,5.7
1139.8,6.1
1144.4,6
1149,5.4
1152.7,5.6
1156.5,5.8
1160.4,5.7
1164.2,5.7
1167.7,5.3
1172.5,5.5
1177.1,5.7
1180.9,5.4
1184.7,5.6
1188.6,5.2
1192.1,5.7
1195.9,6.2
1199.7,5.7
1204.5,5.7
1209.2,5.6
1212.9,5.6
1216.7,6
1220.2,5.7
1224,5.5
1227.9,5.6
1232.6,6
1237.3,5.5
1241.1,5.7
1244.6,5.8
1248.4,5.7
1252.2,5.4
1256.1,5.5
1259.8,5.3
1264.4,5.1
1269,4.9
1272.7,5.2
1276.5,0
1280.4,0
1284.2,0
1287.7,0
1292.4,0
"Heat Flux",60
"Number of HRR Data Pairs",359
"sec,kw/m2"
0,84.8
1.6,91.3
3.7,90.7
5.7,80.8
7.7,66.8
9.8,51.7
11.8,35.5
13.6,29
15.5,24.8
17.6,23.3
19.5,21.8
21.5,21.8
23.6,21.2
25.7,20.8
27.7,20.2
29.6,20.4
32.3,20
34.1,20.2
36.1,20
38.1,20.1
40.3,20
41.6,19.5
44.1,20.2
45.5,19.3
47.7,19.4
49.6,18.8
51.5,19.1
53.7,18.6
55.8,18.6
57.7,18.5
59.4,18.3
61.6,18.3
63.8,18.4
65.6,18.2
67.6,17.9
69.9,18.2
71.7,17.9
73.5,18.2
75.6,17.2
77.8,17.7
79.6,17.3
81.6,17.4
83.7,17.4
85.7,17.5
87.7,17.6
89.5,17.8
91.5,18.2
93.8,17.6
95.6,17.5
97.6,17.7
99.6,17.4
101.6,17.7
103.5,17.1
105.6,17.5
107.7,17.7
109.6,17.7
111.6,17.4
113.8,17.4
115.8,17
117.7,17
119.3,17.4
121.5,16.8
123.5,17.3
125.5,16.4
127.7,16.5
129.8,15.9
131.7,15.8
133.6,16.2
135.6,15.5
137.8,15.5
139.5,15.2
141.6,15.3
143.7,14.6
145.7,14.4
147.7,14.2
149.5,14.3
151.5,14.4
153.5,13.7
155.4,14.1
157.6,13.5
159.6,13.6
161.6,13.5
163.5,13.5
165.6,13.1
167.7,13.2
169.7,13
171.6,12.9
173.6,12.8
175.8,12.6
177.6,12.5
179.5,12.2
181.6,12.3
183.7,12.2
185.7,12
187.8,11.9
189.9,11.6
191.7,11.5
193.5,11.4
195.5,11.3
197.7,11.1
199.6,10.8
201.6,11.1
203.7,10.4
205.8,10.5
207.7,9.9
209.5,10.5
211.5,10
213.8,10
215.5,10
217.7,9.9
219.7,9.9
221.7,9.7
223.5,9.8
225.7,9.6
227.8,9.5
229.6,9.2
231.6,8.8
233.5,9.4
235.7,8.5
237.7,9.1
239.6,8.5
241.6,9.1
243.8,8.4
245.6,8.9
247.6,8.8
249.9,8.8
252.4,8.6
253.5,8.4
255.6,8.4
257.7,8.1
259.6,8.2
261.5,8
263.7,8
265.7,8.1
267.7,8
269.5,7.9
271.5,7.9
273.5,8
275.4,7.9
277.6,7.4
279.6,7.8
281.6,7.4
283.5,8
285.6,7.3
287.8,7.7
289.6,7.7
291.6,7.7
293.8,7.7
295.8,7.5
297.5,7.9
299.4,7.7
302.1,7.7
303.7,7.4
305.7,7.2
307.7,7.5
309.9,7
311.7,7.4
313.5,7
315.6,7.4
317.7,6.9
319.5,7.6
321.5,6.8
323.7,6.7
325.8,6.8
327.7,6.6
329.4,7
331.6,6.5
333.6,6.9
335.6,7
337.7,6.7
339.9,6.9
341.8,6.7
343.6,6.7
345.6,6.7
347.8,6.8
349.5,6.7
352.3,6.7
353.5,6.7
355.8,6.5
357.5,6.8
359.5,6.7
361.6,6.6
363.7,6.9
365.6,6.3
367.7,6.8
369.9,6.6
371.8,6.8
373.6,6.5
375.7,6.4
377.9,6.6
379.7,6.4
381.3,6.9
383.6,6.6
385.6,6.5
387.6,6.2
389.5,6.1
391.7,6.6
393.8,6.1
395.6,6.6
397.7,5.8
399.8,5.8
402.2,5.8
403.6,5.8
405.6,6.2
407.8,5.5
409.5,6.2
411.4,5.2
413.5,6
415.6,5.6
417.6,5.8
419.5,5.7
421.6,5.2
423.7,5.4
425.6,5.3
427.7,5.9
429.8,5.5
431.8,5.8
433.6,5.5
435.5,5.9
437.6,5.5
439.6,6.3
441.5,5.6
443.7,5.8
445.7,5.8
447.7,5.8
449.4,6.2
452.3,5.8
453.5,5.8
455.5,5.1
457.7,5.7
459.8,5.5
461.8,5.5
463.6,5.4
465.7,5.1
467.6,5.8
469.5,5.3
471.5,5.5
473.7,5.4
475.8,5.8
477.7,5.1
479.6,5.8
481.7,5.1
483.8,5.2
485.6,5.7
487.6,5.1
489.7,5
491.7,4.9
493.6,5.3
495.8,4.9
497.9,5
499.7,5.2
502.3,4.9
503.6,5.5
505.6,5
507.6,5.2
509.5,5
511.6,5.1
513.8,5
515.7,5.1
517.8,4.9
519.8,4.9
521.5,5.1
523.4,4.9
525.6,5.7
527.8,4.8
529.6,5.4
531.5,4.7
533.7,5
535.7,5
537.6,4.9
539.5,4.7
541.4,4.8
543.6,4.8
545.5,4.8
547.6,5.1
549.7,4.9
552.4,5.3
553.4,4.8
555.5,5.1
557.6,4.7
559.5,5.1
561.5,4.8
563.6,5
565.7,5.1
567.6,4.8
569.5,5.1
571.6,5
573.8,4.9
575.6,4.9
577.7,4.7
579.8,4.8
581.5,4.5
583.5,4.7
585.5,4.7
587.7,4.7
589.6,5
591.5,4.7
593.7,5
595.7,4.8
597.7,5.3
599.6,4.3
601.7,4.7
603.8,4.7
605.7,4.6
607.7,4.7
609.9,4.7
611.8,4.5
613.6,4.7
615.6,4.1
617.8,4.6
619.5,4.4
621.4,4.4
623.6,4.6
625.7,4.2
627.7,4.5
629.6,4.1
631.6,4.7
633.8,3.7
635.6,4.1
637.6,3.8
639.6,4.1
641.6,4
643.5,3.7
645.6,4
647.7,4
649.6,3.8
652.3,3.9
653.6,3.8
655.7,3.9
657.7,4
659.6,4.6
661.7,3.9
663.8,4.3
665.5,4
667.6,4
669.7,3.9
671.6,3.8
673.5,4
675.7,3.8
677.9,3.7
679.7,4
681.6,3.9
683.8,3.9
685.8,3.9
687.7,4
689.3,4
691.6,3.6
693.6,3.4
695.6,3.2
697.7,0
699.8,0
701.7,0
703.6,0
705.6,0
707.9,0
709.7,0
711.3,0
713.6,0
715.5,0
"Heat Flux",75
"Number of HRR Data Pairs",225
"sec,kw/m2"
0,70.9
3.5,88.1
7.7,69.8
11.4,46
15.7,29
19.3,21.5
23.6,20
27.9,18.5
31.5,17.9
35.7,17.9
40.1,17.8
44.2,18.2
48,17.2
51.1,17.2
55.5,18.7
59.5,19.4
63.3,18.4
67.1,18.8
71.4,19
75.5,18.9
79.5,18.9
83.7,18.8
87.9,18.5
91.5,18.1
95.2,18
99.5,18.3
103.8,17.9
107.4,17.6
111.3,17.6
115.5,17.3
119.8,17.6
123.5,17.4
127.3,17.7
131.6,20
135.7,21.6
139.3,22
143.4,21.5
147.7,20.7
151.6,19.9
155.4,19.1
159.7,18.3
163.8,17.5
167.6,17.3
171.3,16.5
175.4,15.3
179.9,14.7
183.5,14.5
187.1,13.6
191.4,12.4
195.7,12.3
199.3,12
203.8,11.2
207.9,10.5
211.5,9.9
215.4,9.2
219.5,8.5
223.8,8.4
227.6,8.3
231.3,7.8
235.6,7.8
239.8,7.6
243.5,7.6
247.1,7
251.4,7
255.7,6.7
259.3,6.5
263.7,6.4
267.8,6.3
272,6.2
275.2,6.1
279.5,5.7
283.6,5.8
287.6,5.9
291.3,5.3
295.5,5.2
299.8,5.2
303.5,5.2
307.3,5.1
311.6,4.9
315.7,5
320,4.6
323.8,4.7
327.9,4.7
331.6,4.4
335.2,4.8
339.5,4.2
343.6,4
347.4,4.5
351.2,4.5
355.5,4.3
359.7,4.2
363.5,4.4
367.2,4.1
371.8,3.8
375.5,4
379.3,4.1
383.6,4
387.9,3.9
391.5,3.7
395.4,3.9
399.5,3.7
403.7,3.9
407.6,4.1
411.3,3.7
415.4,3.6
420.4,3.7
423.5,3.5
427.3,3.3
431.6,3.5
435.6,3.2
439.3,3.2
443.4,3.5
447.7,3.2
451.6,3.2
455.5,2.9
459.7,3
463.8,2.9
467.4,3.4
471.9,3.1
475.5,3.1
479.8,3
483.5,3
487.3,2.7
491.4,2.7
495.7,2.7
499.4,2.8
503.6,3
507.9,2.4
511.6,2.5
515.4,2.6
519.5,2.4
523.6,2.5
527.6,2.4
531.3,2.6
535.4,2.6
539.7,2.3
543.3,2.3
547.3,2.6
551.4,2.2
555.7,2.1
559.5,2.2
563.8,2.5
567.8,2.8
572.3,2.4
575.4,2.3
579.6,2.6
583.8,2.5
587.6,2.4
591.3,2.1
595.6,2.3
599.7,2.2
603.3,2.2
607.3,2.2
611.4,2.4
615.6,2.4
619.5,2.5
623.6,2.2
627.8,2.4
631.6,2.6
635.3,3.1
639.5,2.8
643.7,2.8
647.4,2.4
651.1,2.4
655.5,2.2
659.7,2.4
663.5,2.4
667.2,1.9
672,1.9
675.5,1.8
679.4,1.9
683.6,2.1
687.9,2.1
691.5,2.4
695.2,2.4
699.5,2.1
703.6,2
707.6,1.9
711.3,2.5
715.6,2.4
719.8,2.4
723.5,2.3
727.1,2.5
731.4,2.4
735.5,2
739.5,2
743.6,2
747.9,2
751.6,2.4
755.2,1.8
759.5,1.9
763.8,2.2
767.4,2
772,2.2
775.6,2.3
779.8,2
783.5,2.1
787.3,2
791.6,2
795.7,1.9
799.3,2
803.6,1.9
807.8,1.9
811.5,1.8
815.2,2
819.5,1.7
823.7,1.8
827.6,1.5
831.3,1.3
835.6,1.6
839.8,1.6
843.3,1.7
847.2,1.4
851.4,1.4
855.5,1.2
859.4,1.8
863.6,1.4
867.7,1.5
872.3,1.7
875.2,2
879.5,0
883.8,0
887.6,0
891.1,0
895.4,0
"Ignition Data"
"Number of Pairs",4
"flux kw/m2,ignition time sec, peak hrr kw/m2"
35,187.5,65.5
50,86,56.6
60,52.5,89.3
75,33.5,80.5
"Flame Spread Parameter",0
"Min Surface Temp For Spread",0
"Effective Heat of Combustion",4.9
