"PINEX - fibre insulation board, non FR"
"Number of HRR Curves", 1
"Heat Flux",35
"Number of HRR Data Pairs", 777
"sec,kw/m2"
0.00,30.00
1.88,107.92
3.75,121.37
5.94,123.22
8.13,122.33
10.00,121.99
11.88,120.15
14.06,115.96
15.63,115.84
17.50,112.07
20.63,106.77
21.25,103.84
23.13,102.61
25.00,100.33
26.88,97.12
30.00,95.45
30.94,94.14
33.75,93.13
36.00,91.37
38.44,89.64
40.00,88.32
41.88,86.93
43.75,85.62
45.63,83.31
47.50,81.55
49.38,80.21
51.25,78.67
53.13,77.44
55.00,76.30
56.88,75.71
58.75,74.36
60.63,74.02
62.34,72.80
65.36,71.50
68.13,70.18
69.84,69.69
71.88,69.87
73.75,68.44
75.63,67.37
77.50,67.31
79.22,65.14
81.25,65.58
83.13,64.61
84.84,64.58
86.88,63.93
88.75,63.41
90.63,62.52
92.50,62.81
95.16,62.38
97.97,62.53
100.00,61.41
101.88,60.70
103.75,60.45
105.63,59.64
107.34,59.21
109.38,58.10
111.25,58.11
113.13,58.31
114.84,57.51
116.88,56.33
118.75,55.56
120.63,55.39
122.34,55.89
125.39,56.02
128.13,54.91
130.00,55.65
131.88,54.96
133.75,54.51
135.47,54.26
137.50,53.57
139.38,53.53
141.25,53.08
143.13,52.21
144.84,51.56
146.88,51.79
148.75,51.38
150.63,51.96
152.34,50.53
155.39,50.65
158.13,49.93
160.00,49.24
161.88,49.35
163.75,48.48
165.47,48.71
167.50,48.24
169.38,48.18
171.09,48.13
173.44,48.14
175.00,47.88
176.88,47.77
178.59,48.04
180.94,48.13
182.50,48.34
185.39,47.98
188.13,47.90
190.00,47.74
192.19,46.51
193.59,46.79
195.94,47.17
197.50,46.78
199.38,46.76
201.25,46.67
203.13,46.18
205.00,46.07
206.88,45.98
208.75,45.54
210.63,45.38
212.50,45.12
215.36,44.69
218.13,44.75
220.00,44.48
221.88,44.62
223.75,45.08
225.63,44.61
227.50,44.32
229.69,44.54
231.09,44.35
233.13,44.28
235.00,44.06
237.19,44.86
238.75,43.50
240.63,43.62
242.50,43.29
245.39,43.55
248.13,43.20
250.00,42.63
251.88,43.11
253.75,42.82
255.94,42.49
257.50,42.33
259.38,42.81
261.25,43.23
263.13,42.99
265.00,42.48
266.88,42.37
268.75,42.63
270.94,42.64
272.50,42.53
275.39,42.65
278.13,41.96
281.25,41.51
281.88,41.51
283.75,41.68
285.94,41.72
287.50,41.56
289.38,41.03
291.25,40.75
293.13,41.72
295.00,41.74
296.88,42.85
298.75,42.78
300.63,42.68
302.50,43.33
305.63,42.45
308.13,42.79
310.00,42.97
312.19,41.70
313.75,40.99
315.63,41.20
317.50,41.13
319.38,41.72
321.25,41.20
323.44,40.74
325.00,40.80
326.88,40.86
330.00,39.97
330.63,40.67
332.50,40.08
335.63,40.55
338.44,40.86
340.00,41.37
341.88,40.79
344.06,40.86
345.63,41.33
347.81,41.26
349.38,40.74
351.25,40.53
353.44,40.92
355.00,40.98
357.19,40.65
358.75,41.02
360.63,40.78
362.81,40.98
365.36,41.06
368.13,41.71
370.00,41.40
372.19,41.58
373.75,40.77
375.94,41.74
378.75,41.60
379.69,42.02
381.56,42.34
383.13,42.87
385.00,42.70
387.19,43.27
388.75,43.02
390.63,43.50
392.81,43.70
395.36,43.73
398.13,43.36
400.31,43.84
401.88,44.63
404.06,44.53
405.63,44.70
407.81,44.71
409.38,44.41
411.56,46.20
413.13,45.74
415.31,46.55
416.88,47.03
419.06,47.63
420.63,47.79
422.50,47.82
425.63,48.06
428.13,48.28
431.25,48.46
433.13,49.11
434.06,48.82
435.63,49.49
437.50,49.53
439.69,49.42
441.25,49.89
443.44,50.41
445.00,50.59
447.19,50.16
448.75,50.61
450.94,50.79
452.50,50.99
455.36,52.52
458.13,52.77
460.00,53.54
462.19,53.75
464.06,54.59
465.63,54.36
467.50,54.10
469.69,54.75
471.25,56.10
473.44,55.83
475.00,55.98
476.88,56.40
480.00,55.78
480.94,55.52
482.50,55.73
485.36,56.66
488.13,56.82
490.00,56.30
491.88,57.29
493.75,56.78
495.63,57.54
497.50,58.72
499.38,58.30
501.25,57.91
503.13,58.37
505.31,58.12
506.88,58.65
508.75,58.72
510.63,58.92
512.50,58.58
515.36,59.06
518.13,58.67
520.00,57.68
521.88,57.85
523.75,57.84
525.63,57.47
527.50,57.54
529.38,57.26
531.25,57.59
533.13,56.47
535.00,56.75
537.19,56.17
538.75,55.42
540.63,55.22
542.50,54.44
545.39,53.82
548.44,53.45
550.00,52.44
551.88,51.69
553.75,50.82
555.63,50.03
557.50,49.33
559.38,48.79
561.25,49.01
563.13,48.54
565.00,47.68
566.88,46.23
569.06,45.96
570.63,45.43
572.50,44.19
575.39,43.46
578.44,43.25
581.25,42.98
582.19,42.37
583.75,41.82
585.63,41.42
587.50,40.45
589.38,40.15
591.25,39.95
593.13,40.08
595.00,40.15
596.88,39.98
599.06,39.53
600.63,39.17
602.50,38.94
605.39,38.91
608.13,38.05
610.00,37.52
612.19,37.03
613.75,36.25
615.63,36.98
617.50,36.41
619.38,35.70
621.25,35.42
623.13,35.55
625.00,35.83
626.88,35.94
628.75,35.56
630.63,35.38
632.50,35.04
635.36,35.14
638.13,34.83
640.00,34.43
641.88,34.61
643.75,33.79
645.63,33.20
647.50,32.61
649.38,32.21
651.25,32.81
653.44,32.32
655.00,32.51
656.88,32.63
658.75,32.79
660.63,32.01
662.81,31.79
665.39,31.63
668.13,31.38
670.00,30.96
671.88,31.25
673.75,31.10
675.94,30.36
678.75,30.15
679.69,29.87
681.25,29.27
683.13,29.11
685.00,29.52
686.88,29.84
688.75,30.42
690.63,30.42
692.50,30.27
695.63,29.86
698.13,30.14
700.00,29.83
701.88,29.73
703.75,28.90
705.63,29.13
707.81,29.05
709.38,29.25
711.25,28.75
713.13,28.62
715.00,28.20
716.88,28.22
718.75,28.44
720.63,27.68
722.50,27.33
725.39,27.20
728.44,27.10
730.00,27.27
731.88,27.44
733.75,27.61
735.63,27.32
737.50,28.10
739.69,27.63
741.09,27.61
743.13,27.63
745.31,27.48
746.88,27.38
748.75,27.64
750.63,27.09
752.50,27.42
755.39,27.04
758.13,27.08
760.31,27.13
761.88,27.33
763.75,26.53
765.63,26.25
767.50,25.92
769.38,26.45
771.25,26.51
773.13,26.73
775.00,26.92
776.88,27.14
780.00,26.76
781.88,26.86
782.50,26.36
785.36,26.42
788.13,26.17
790.00,26.67
791.88,26.45
793.75,26.04
795.63,25.94
797.50,26.63
799.38,25.25
801.25,25.68
803.44,25.73
805.00,25.35
806.88,25.42
808.75,24.75
810.63,24.59
812.50,24.65
815.36,24.70
818.13,24.62
820.00,24.76
821.88,25.44
823.75,25.28
825.63,25.13
827.50,25.16
829.38,24.64
831.25,24.54
833.13,24.70
835.31,25.03
836.88,25.33
838.75,25.70
840.63,25.22
842.50,25.50
845.36,25.79
848.13,25.41
850.00,25.41
851.88,25.39
853.75,25.20
855.63,24.97
857.50,25.35
859.38,25.40
861.25,25.31
863.13,25.54
865.00,25.39
867.19,25.62
868.75,24.56
870.63,24.69
872.50,24.73
875.39,24.72
878.44,24.77
881.25,24.68
882.19,24.88
883.75,24.62
885.63,24.60
887.34,24.27
889.38,24.01
891.25,23.88
893.13,24.16
895.00,24.56
896.72,24.66
898.75,24.28
900.63,24.07
902.50,24.56
905.39,24.71
908.13,24.64
910.00,23.83
911.88,23.98
913.59,23.92
915.63,24.15
917.50,24.39
919.22,23.78
921.25,23.87
923.13,23.84
925.00,24.07
926.88,23.86
928.59,23.94
930.63,24.19
932.50,24.06
935.39,23.91
938.12,23.98
940.00,24.04
941.72,23.84
943.75,24.11
945.62,24.56
947.34,24.37
949.37,25.06
951.25,24.84
953.12,24.81
955.00,24.62
956.72,24.54
958.75,25.32
960.62,24.68
962.50,25.51
965.39,25.28
968.12,25.33
969.84,25.28
971.87,25.53
973.75,25.99
975.62,25.60
977.34,26.37
980.63,27.10
981.56,27.21
983.13,26.83
985.00,26.67
986.88,26.18
988.59,27.28
990.63,27.17
992.50,27.15
995.36,27.27
997.97,27.18
1000.0,27.18
1001.88,27.36
1003.75,27.05
1005.63,27.39
1007.50,27.41
1009.69,27.62
1011.25,27.68
1013.13,27.59
1015.00,27.70
1016.88,27.68
1018.75,27.41
1020.63,28.60
1022.50,28.23
1025.36,28.35
1028.13,28.36
1030.00,28.30
1031.88,28.45
1033.75,27.52
1035.63,27.86
1037.81,27.47
1039.38,27.13
1041.25,27.60
1043.13,27.09
1045.00,26.33
1046.88,27.69
1048.75,27.10
1050.63,26.77
1052.50,27.43
1055.36,27.29
1058.13,27.31
1060.00,27.32
1061.88,27.21
1063.75,27.44
1065.63,27.26
1067.50,27.71
1069.38,27.77
1071.25,27.67
1073.13,27.68
1075.31,27.41
1076.88,27.86
1078.75,27.64
1080.63,27.03
1082.50,27.63
1085.39,27.17
1088.44,27.39
1090.00,27.22
1091.88,27.27
1093.75,27.15
1095.63,27.40
1097.50,27.47
1099.38,26.79
1101.25,27.22
1103.13,26.93
1105.00,27.14
1107.19,27.44
1108.59,27.15
1110.94,27.08
1112.50,26.68
1115.39,26.55
1118.13,26.72
1120.00,26.53
1121.88,26.55
1124.06,26.36
1125.63,25.93
1127.50,25.98
1129.38,26.62
1131.25,26.55
1133.13,26.59
1135.00,26.34
1136.88,25.91
1138.75,25.73
1140.63,25.41
1142.81,25.64
1145.39,25.47
1148.13,25.56
1150.00,25.36
1151.88,25.49
1153.75,25.47
1155.63,25.06
1157.50,25.09
1159.69,24.66
1161.25,24.63
1163.13,24.75
1165.00,25.40
1166.88,25.34
1168.75,25.20
1170.63,25.95
1172.50,25.72
1175.63,25.43
1178.13,25.40
1181.25,25.24
1183.13,25.37
1184.06,25.53
1185.63,25.36
1187.50,25.68
1189.38,24.92
1191.25,24.85
1193.13,24.75
1195.00,25.45
1196.88,25.67
1199.06,25.86
1200.63,25.65
1202.50,26.03
1205.39,25.58
1208.13,25.32
1210.31,25.59
1211.88,25.61
1213.75,24.80
1215.63,24.17
1217.50,24.00
1219.38,24.20
1221.25,23.78
1223.13,24.84
1225.00,24.92
1226.88,24.90
1229.06,24.60
1230.63,24.49
1232.50,24.91
1235.63,25.13
1238.13,24.85
1240.31,24.56
1241.88,24.87
1244.06,25.52
1245.63,25.55
1247.50,24.89
1249.69,24.82
1251.25,24.21
1253.44,24.06
1255.00,24.19
1256.88,24.87
1258.75,24.80
1260.63,24.66
1262.50,24.16
1265.63,24.79
1268.13,24.73
1270.00,24.71
1271.88,24.58
1273.75,24.81
1275.63,24.64
1277.81,24.41
1279.38,23.84
1281.25,23.88
1283.13,23.98
1285.00,24.05
1286.88,23.79
1288.75,24.02
1290.63,23.89
1292.81,24.05
1295.39,23.97
1298.13,24.61
1300.00,24.68
1301.88,24.73
1303.75,23.97
1305.63,23.58
1307.50,23.82
1309.69,24.10
1311.25,24.00
1313.13,24.01
1315.00,24.68
1316.88,24.72
1318.75,24.12
1320.63,24.36
1322.50,23.95
1325.36,23.57
1328.13,22.91
1330.00,23.60
1331.88,23.58
1333.75,23.91
1335.63,23.85
1337.50,24.01
1339.38,24.09
1341.25,23.98
1343.13,24.28
1345.31,23.56
1346.88,23.49
1348.75,22.89
1350.63,22.72
1352.50,22.77
1355.39,23.51
1358.44,22.98
1360.00,22.89
1361.88,23.69
1363.75,23.65
1365.63,23.37
1367.50,22.82
1369.38,22.35
1371.25,22.10
1373.13,22.23
1375.00,22.24
1376.88,22.28
1380.00,22.74
1381.88,22.84
1382.81,22.96
1385.36,23.19
1388.13,22.94
1390.00,22.67
1391.88,22.12
1393.75,21.31
1395.63,21.56
1397.50,21.52
1399.69,21.49
1401.25,21.35
1403.13,21.81
1405.00,21.59
1406.88,21.83
1408.75,21.24
1410.63,20.50
1412.50,20.02
1415.36,20.05
1418.13,20.48
1420.00,20.74
1421.88,21.20
1423.75,21.08
1425.63,20.79
1427.81,20.83
1429.38,19.88
1431.25,19.29
1433.13,19.24
1435.00,19.47
1436.88,19.84
1438.75,19.05
1440.63,19.03
1442.81,19.27
1445.39,19.34
1448.13,18.11
1450.00,17.61
1451.88,17.58
1453.75,17.90
1455.94,17.31
1457.50,17.28
1459.38,17.36
1461.25,17.53
1463.13,16.73
1465.00,15.94
1466.88,15.60
1468.75,15.66
1470.94,15.40
1472.50,15.49
1475.39,15.22
1478.13,15.39
1480.00,15.54
1481.88,15.49
1484.06,14.84
1485.63,14.17
1487.50,14.10
1489.38,13.77
1491.25,14.04
1493.13,14.11
1495.00,14.09
1497.19,14.04
1498.75,13.34
1500.63,12.73
1502.50,12.27
1505.39,12.32
1508.44,12.59
1510.00,12.62
1511.88,12.69
1513.75,12.63
1515.63,12.65
1517.50,12.59
1519.69,12.32
1521.25,12.32
1523.13,11.66
1525.00,11.33
1526.88,11.51
1529.06,11.50
1530.63,11.66
1532.50,11.67
1535.39,11.63
1538.13,11.58
1540.31,11.24
1541.88,10.69
1543.75,10.52
1545.63,10.00
1547.50,10.01
1549.69,10.03
1551.25,0.00
"Ignition Data"
"Number of Pairs",9
"kw/m2,sec,kw/m2 " 
75,3.7,197.2
50,7.9,144.6
35,23.0,121.4
30,37.3,114.5
25,49.1,108.8
20,81.7,109.7
15,213,104.1
12,455.3,105.2
10,996.1,105.4
"Flame Spread Parameter",14
"Min Surface Temp For Spread",393
"Effective Heat of Combustion", 12.3