"Material Description"
"Number of HRR Curves","02"
"Heat Flux",50
"Number of HRR Data Pairs",246
"sec,kw/m2"
0,97.20
5,166.10
10,164.80
15,145.60
20,128.80
25,120.00
30,116.40
35,115.50
40,113.40
45,111.20
50,108.70
55,104.90
60,98.90
65,93.90
70,91.10
75,87.80
80,85.10
85,83.10
90,82.10
95,80.60
100,80.40
105,80.50
110,79.70
115,80.40
120,80.70
125,83.40
130,86.40
135,87.90
140,88.50
145,91.40
150,95.60
155,98.40
160, 99.90
165,102.40
170,105.80
175,109.10
180,112.80
185,117.40
190,121.90
195,127.90
200,132.80
205,138.00
210,143.00
215,147.20
220,149.90
225,153.60
230,153.80
235,155.70
240,156.40
245,155.40
250,153.10
255,149.10
260,144.60
265,141.40
270,135.50
275,128.00
280,119.40
285,108.30
290,96.10
295,86.60
300,78.80
305,71.00
310,65.10
315,60.40
320,55.90
325,54.10
330,52.30
335,50.80
340,50.70
345,49.60
350,48.30
355,48.40
360,48.00
365,47.50
370,47.00
375,45.80
380,45.00
385,44.50
390,43.90
395,42.90
400,42.10
405,41.90
410,41.00
415,40.10
420,40.00
425,38.90
430,38.90
435,38.40
440,38.00
445,37.80
450,37.30
455,36.40
460,36.40
465,35.80
470,34.80
475,34.70
480,34.70
485,33.90
490,33.40
495,33.90
500,33.60
505,33.50
510,33.10
515,32.20
520,32.00
525,32.50
530,32.30
535,31.70
540,31.60
545,31.10
550,30.60
555,30.50
560,30.20
565,30.20
570,30.10
575,30.10
580,29.40
585,29.30
590,29.10
595,29.00
600,28.70
605,28.20
610,28.10
615,28.00
620,28.10
625,28.50
630,27.90
635,27.70
640,27.80
645,27.10
650,26.40
655,26.40
660,26.40
665,26.40
670,27.30
675,26.60
680,25.60
685,25.00
690,25.40
695,25.30
700,24.40
705,24.60
710,24.40
715,24.30
720,24.40
725,24.10
730,23.70
735,23.30
740,22.50
745,22.90
750,23.20
755,22.20
760,22.40
765,22.40
770,22.00
775,21.50
780,21.20
785,21.10
790,21.20
795,21.10
800,20.70
805,20.50
810,20.10
815,19.90
820,19.90
825,19.80
830,19.40
835,18.90
840,18.80
845,18.70
850,19.10
855,18.40
860,18.10
865,18.00
870,18.20
875,18.20
880,17.20
885,16.70
890,17.20
895,16.60
900,16.10
905,15.90
910,15.60
915,15.20
920,15.00
925,14.70
930,14.40
935,13.80
940,13.90
945,13.90
950,12.60
955,12.20
960,11.10
965, 9.90
970, 9.80
975, 9.50
980,9.10
985,8.80
990,8.70
995,8.40
1000,8.80
1005,7.80
1010,7.90
1015,7.40
1020,6.90
1025,6.80
1030,6.50
1035,7.00
1040,6.50
1045,6.20
1050,6.00
1055,5.40
1060,5.40
1065,4.90
1070,4.90
1075,4.70
1080,4.60
1085,4.10
1090,3.90
1095,3.70
1100,3.70
1105,4.00
1110,3.50
1115,2.90
1120,3.10
1125,2.80
1130,2.30
1135,2.20
1140,2.50
1145,2.10
1150,1.50
1155,1.40
1160,1.30
1165,1.60
1170,0.90
1175,0.70
1180,0.70
1185,0.60
1190,0.40
1195,0.60
1200,0.60
1205,0.50
1210,0.60
1215,0.00
1220,0.00
1225,0.00
"Heat Flux",40
"Number of HRR Data Pairs",246
"sec,kw/m2"
0,89.10
5,166.60
10,169.00
15,150.00
20,132.40
25,120.50
30,114.60
35,108.70
40,105.60
45,100.70
50,95.90
55,92.30
60,88.70
65,84.80
70,81.90
75,80.10
80,78.10
85,77.70
90,75.80
95,75.90
100,75.50
105,74.60
110,74.20
115,73.60
120,75.20
125,77.30
130,78.50
135,76.60
140,77.80
145,77.50
150,78.50
155,79.80
160,81.00
165,82.10
170,85.40
175,87.90
180,90.60
185,93.00
190,95.20
195, 99.50
200,104.50
205,108.90
210,113.10
215,116.10
220,119.40
225,123.50
230,128.30
235,133.40
240,137.60
245,142.40
250,144.70
255,149.80
260,155.50
265,159.80
270,157.20
275,155.80
280,153.30
285,151.70
290,148.70
295,137.00
300,125.50
305,117.30
310,108.60
315,100.30
320,92.60
325,86.80
330,79.10
335,72.20
340,66.80
345,62.20
350,58.90
355,55.80
360,53.50
365,51.40
370,49.00
375,46.80
380,44.30
385,43.40
390,42.00
395,41.10
400,40.10
405,37.60
410,35.30
415,34.30
420,33.40
425,32.00
430,32.30
435,31.10
440,30.70
445,30.90
450,29.80
455,29.60
460,28.80
465,28.80
470,28.50
475,27.20
480,27.30
485,27.00
490,26.70
495,25.80
500,25.80
505,25.70
510,25.20
515,25.50
520,24.60
525,24.30
530,23.80
535,23.50
540,23.20
545,23.30
550,22.80
555,22.40
560,23.00
565,22.20
570,21.50
575,21.50
580,21.30
585,20.70
590,20.40
595,20.20
600,19.90
605,19.80
610,19.20
615,19.40
620,18.90
625,18.50
630,18.30
635,18.30
640,18.00
645,17.50
650,17.60
655,17.30
660,17.10
665,16.90
670,16.80
675,16.30
680,16.00
685,15.70
690,16.10
695,16.20
700,16.10
705,15.40
710,15.30
715,15.40
720,14.60
725,15.00
730,15.20
735,14.30
740,14.70
745,14.40
750,14.20
755,14.20
760,14.00
765,14.30
770,14.20
775,13.80
780,13.60
785,13.20
790,13.10
795,13.00
800,13.00
805,12.50
810,12.50
815,12.80
820,13.20
825,12.90
830,12.30
835,12.20
840,11.90
845,12.10
850,12.50
855,12.50
860,12.30
865,11.80
870,11.70
875,12.10
880,12.10
885,12.00
890,11.70
895,11.30
900,11.00
905,11.50
910,11.40
915,11.60
920,10.80
925,11.60
930,11.10
935,11.30
940,11.60
945,11.00
950,10.60
955,10.50
960,10.00
965, 9.90
970,10.10
975, 9.90
980,10.10
985, 9.50
990,9.30
995, 9.70
1000,9.40
1005,8.90
1010,9.40
1015, 9.70
1020,9.00
1025, 9.60
1030, 9.90
1035,8.50
1040,8.90
1045,8.80
1050,8.60
1055,8.60
1060,8.20
1065,8.10
1070,8.40
1075,8.60
1080,8.70
1085,8.30
1090,8.50
1095,8.30
1100,7.80
1105,8.00
1110,8.50
1115,8.50
1120,8.40
1125,8.50
1130,8.50
1135,8.70
1140,8.30
1145,8.00
1150,8.00
1155,7.80
1160,7.50
1165,7.90
1170,7.50
1175,7.00
1180,6.70
1185,6.90
1190,6.90
1195,7.50
1200,6.80
1205,6.80
1210,6.70
1215,6.40
1220,6.90
1225,6.00
"Ignition Data"
"Number of Pairs",3
"flux kw/m2,ignition time sec, peak hrr kw/m2"
40,26,163
50,18,166
50,16,166
"Flame Spread Parameter",0
"Min Surface Temp For Spread",0
"Effective Heat of Combustion",0
