"Aged Ply"
"Number of HRR Curves","03"
"Heat Flux",25
"Number of HRR Data Pairs",172
"sec,kw/m2"
0,30
1.2,39.3
6.2,100.2
11.2,124.6
16.2,125.2
21.2,123.5
26.2,117.1
31.2,115.1
36.2,113.5
41.2,112.7
46.2,110.3
51.2,104.6
56.2,106.7
61.2,105.9
66.2,99.7
71.2,93.1
76.2,87.1
81.2,81.4
86.2,79.6
91.2,78.3
96.2,76
101.2,74.7
106.2,72.4
111.2,72.3
116.2,71.5
121.2,69.1
126.2,69.8
131.2,68
136.2,67.7
141.2,70.3
146.2,72.9
151.2,71.6
156.2,72.2
161.2,76.8
166.2,78.9
171.2,82.5
176.2,85.8
181.2,92.1
186.2,98.3
191.2,103.5
196.2,108
201.2,112.8
206.2,117.4
211.2,123.7
216.2,131.4
221.2,135.4
226.2,136.5
231.2,138.2
236.2,137.5
241.2,134.3
246.2,130.6
251.2,122.7
256.2,117.7
261.2,115.8
266.2,111.5
271.2,105.1
276.2,98.3
281.2,93.6
286.2,90.8
291.2,83.6
296.2,78.4
301.2,73.9
306.2,71.5
311.2,69.4
316.2,65.2
321.2,64.4
326.2,64
331.2,63.6
336.2,60.4
341.2,57.1
346.2,55.3
351.2,52.6
356.2,49.3
361.2,48.5
366.2,49.5
371.2,47.7
376.2,43.1
381.2,39.7
386.2,38.3
391.2,38
396.2,39.1
401.2,37.9
406.2,37.5
411.2,34.3
416.2,32.6
421.2,31.6
426.2,33.1
431.2,31.1
436.2,31.3
441.2,31.6
446.2,32.3
451.2,31.7
456.2,31.1
461.2,31.3
466.2,31.1
471.2,32.6
476.2,32.1
481.2,31.5
486.2,31.5
491.2,33.2
496.2,32
501.2,32.8
506.2,33.9
511.2,34
516.2,33.6
521.2,34.3
526.2,34.2
531.2,33.3
536.2,34.1
541.2,32.8
546.2,30.9
551.2,32
556.2,31.5
561.2,32.6
566.2,33.4
571.2,32.5
576.2,31.1
581.2,31.1
586.2,32.2
591.2,34.8
596.2,36.4
601.2,33.4
606.2,33.1
611.2,32.2
616.2,31.8
621.2,32.3
626.2,33
631.2,33.5
636.2,32.9
641.2,33.4
646.2,32.3
651.2,34.1
656.2,34.8
661.2,34.7
666.2,32.7
671.2,32.5
676.2,32.6
681.2,32.5
686.2,33
691.2,32.6
696.2,33
701.2,33.6
706.2,32.1
711.2,31.1
716.2,33.4
721.2,33.3
726.2,33.1
731.2,31.6
736.2,31.9
741.2,31.7
746.2,32.9
751.2,32.6
756.2,32.3
761.2,32
766.2,32.8
771.2,34.7
776.2,34.9
781.2,35.8
786.2,33.4
791.2,33.6
796.2,33.6
801.2,34.2
806.2,33.2
811.2,33
816.2,34
821.2,33.5
826.2,33.7
831.2,31.3
836.2,32.4
841.2,32.8
846.2,32.9
0,0
"Heat Flux",35
"Number of HRR Data Pairs",130
"sec,kw/m2"
0,30
2.5,57.5
7.5,116
12.5,130.3
17.5,128.9
22.5,127.3
27.5,123.3
32.5,122
37.5,119.3
42.5,116.1
47.5,116
52.5,119.8
57.5,117.3
62.5,112.2
67.5,108.3
72.5,100.2
77.5,95.4
82.5,87.7
87.5,85.7
92.5,84.7
97.5,87.8
102.5,89.3
107.5,90.8
112.5,91.5
117.5,92.2
122.5,91.7
127.5,87.4
132.5,84.4
137.5,79.7
142.5,80.9
147.5,78.1
152.5,77
157.5,76.6
162.5,78.6
167.5,83.7
172.5,86
177.5,94.4
182.5,101.3
187.5,110.4
192.5,119.1
197.5,134.6
202.5,152.7
207.5,175.1
212.5,188.6
217.5,206.6
222.5,217.4
227.5,217.2
232.5,210.6
237.5,200
242.5,180.5
247.5,160.4
252.5,142.2
257.5,121.4
262.5,111.1
267.5,101
272.5,92.1
277.5,88.3
282.5,80.8
287.5,73.9
292.5,69.7
297.5,65.4
302.5,62.3
307.5,58.6
312.5,55
317.5,50.5
322.5,48.5
327.5,46.2
332.5,43.6
337.5,41.2
342.5,39.8
347.5,39.4
352.5,37.2
357.5,37.2
362.5,38.5
367.5,37.7
372.5,36.9
377.5,36.8
382.5,36.7
387.5,36.8
392.5,36.8
397.5,36.9
402.5,36.3
407.5,35.5
412.5,36.1
417.5,35.6
422.5,36.8
427.5,34.8
432.5,35.5
437.5,34.8
442.5,35.8
447.5,36.3
452.5,34.8
457.5,35.3
462.5,34.3
467.5,35.9
472.5,35.5
477.5,34.6
482.5,34.8
487.5,35.4
492.5,34.4
497.5,34.8
502.5,33.5
507.5,33.9
512.5,33.2
517.5,32.5
522.5,34
527.5,33.4
532.5,34.1
537.5,34.2
542.5,34.5
547.5,34.1
552.5,32.9
557.5,34.2
562.5,33.4
567.5,32.7
572.5,33.1
577.5,34.1
582.5,33.1
587.5,34.2
592.5,32.9
597.5,31.2
602.5,32.5
607.5,31.5
612.5,31.7
617.5,32.8
622.5,31
627.5,30.4
632.5,31.5
637.5,32.9
0,0
"Heat Flux",50
"Number of HRR Data Pairs",143
"sec,kw/m2"
0,30
4.5,102.8
9.5,144.3
14.5,155.1
19.5,161.4
24.5,160.3
29.5,158.2
34.5,154.3
39.5,150.3
44.5,152.8
49.5,151.1
54.5,148
59.5,147.1
64.5,140.3
69.5,129
74.5,117.2
79.5,108.1
84.5,102.8
89.5,98.9
94.5,99.6
99.5,98
104.5,98
109.5,97.3
114.5,99.6
119.5,100
124.5,100.2
129.5,98.8
134.5,98.4
139.5,99
144.5,100.4
149.5,101.8
154.5,107.2
159.5,109.8
164.5,119.1
169.5,125.1
174.5,139
179.5,150.5
184.5,165.1
189.5,182.7
194.5,191.1
199.5,210.4
204.5,226.2
209.5,240.5
214.5,242.1
219.5,228.1
224.5,207.2
229.5,178.6
234.5,141.7
239.5,111.1
244.5,93.8
249.5,82.4
254.5,76.4
259.5,70.9
264.5,65.2
269.5,58.5
274.5,55.4
279.5,53.3
284.5,51.1
289.5,52.3
294.5,51.1
299.5,50.1
304.5,51.8
309.5,51.7
314.5,50.9
319.5,51.1
324.5,51.3
329.5,52.4
334.5,52.4
339.5,50.8
344.5,52
349.5,51
354.5,51.4
359.5,51.9
364.5,50.2
369.5,51
374.5,51.6
379.5,52.3
384.5,51.3
389.5,51.1
394.5,51.8
399.5,50.7
404.5,51.4
409.5,51
414.5,48.9
419.5,50.7
424.5,49.3
429.5,48.9
434.5,49.2
439.5,49.4
444.5,49
449.5,50
454.5,49
459.5,49.2
464.5,48
469.5,49.2
474.5,49.4
479.5,51.5
484.5,49.8
489.5,49.8
494.5,50.7
499.5,48.5
504.5,49.8
509.5,49.7
514.5,49
519.5,48.4
524.5,47.3
529.5,47.9
534.5,46.1
539.5,46.2
544.5,45.6
549.5,46.1
554.5,45.7
559.5,45.1
564.5,47.1
569.5,47.6
574.5,46
579.5,44.6
584.5,45.1
589.5,44.9
594.5,46.1
599.5,45.6
604.5,45
609.5,44.1
614.5,43.5
619.5,45.3
624.5,43.8
629.5,42.2
634.5,42.5
639.5,42.8
644.5,43.7
649.5,43.6
654.5,42.9
659.5,43.5
664.5,43.3
669.5,45.1
674.5,43.2
679.5,41.4
684.5,41.9
689.5,40.2
694.5,40.5
699.5,41.8
704.5,41.7
0,0
"Ignition Data"
"Number of Pairs",9
"flux kw/m2,ignition time sec, peak hrr kw/m2"
25,98.8,138.1
25,88.6,149.3
25,86.5,187.8
35,22.5,217.4
35,35.2,245
35,32,181.4
50,15.5,242.1
50,12.8,262.1
50,12,231.4
"Flame Spread Parameter",0
"Min Surface Temp For Spread",0
"Effective Heat of Combustion","10.1"
