"Material Description"
"Number of HRR Curves","03"
"Heat Flux",25
"Number of HRR Data Pairs",213
"sec,kw/m2"
0.0,30
1.3,67
3.3,116.9
5.3,148.2
7.8,172.5
9.8,196.9
11.8,212.3
14.2,218.1
16.2,228.9
18.7,235.6
20.7,242
22.7,262.5
24.7,257.8
26.7,253.6
29.2,241.8
31.1,232.5
33.1,223.3
35.1,217.5
37.4,207.5
40.0,197.9
42.0,186.6
44.0,173.7
46.0,166
47.9,163.1
50.4,158.9
52.5,155.3
54.5,151.8
56.4,149.8
58.8,149.6
61.4,151.7
63.4,150.9
65.4,152.2
67.4,153.4
69.4,159.9
71.9,161.6
73.9,163.1
75.9,164.6
77.9,160.3
79.8,158.6
82.7,157.3
84.7,155.1
89.3,150.8
91.9,147.9
93.9,145.2
95.9,142.4
97.9,135.6
99.9,130
102.5,128.6
104.5,127.8
106.5,126.9
108.7,126
110.7,124.1
115.4,122.8
118.4,123.4
120.4,122.2
122.9,119.6
124.9,117.9
126.9,117.6
128.9,118.6
130.9,117.2
136.5,116.1
138.5,114.8
140.5,112.7
143.0,112.3
145.0,114.5
147.0,112.6
149.0,113.1
151.0,113.4
153.5,114.2
155.5,112.6
157.5,110.1
159.8,109.2
161.8,107.2
164.3,106.3
166.3,104.8
168.3,103.4
170.3,104
172.3,103.2
174.8,101.5
176.8,103.2
178.8,102.9
180.8,100.5
183.0,100.5
185.5,101.1
187.5,102.4
189.5,100.6
191.5,101.6
193.5,102.9
196.0,103.5
198.0,104.3
200.0,104.6
201.9,103.1
205.5,105.3
208.0,107.2
210.0,105.9
212.0,106
214.0,108.2
216.0,108.4
218.5,107.6
220.5,107.4
222.5,106.5
224.5,105.8
226.5,104.3
229.4,105.2
231.4,105.2
233.4,104.8
235.4,103.4
237.4,102.9
239.9,103.3
241.9,101.9
243.9,103.2
245.9,105.1
247.9,106.9
250.4,106.6
252.7,105.6
254.7,109.9
256.7,108.8
258.7,110
261.3,111.6
263.3,111.8
267.5,114.5
271.5,118
275.5,117.9
277.5,120.2
279.8,123.7
281.8,124.8
284.4,127.6
286.4,129.3
288.4,130.5
290.4,131
292.4,135
294.9,143.4
296.9,144.1
299.0,143.2
301.0,144.5
303.3,144.7
305.8,147.6
307.8,153.4
310.5,154.4
312.5,152.9
315.0,155.9
317.1,160.7
319.1,162.4
321.5,165.1
323.6,164.1
326.1,167.9
328.4,170.8
330.4,169.5
332.4,173.9
334.4,178.1
336.9,180.1
338.9,181.4
340.9,183.5
342.9,188.7
344.9,191.7
347.3,195.8
349.6,197.1
351.6,201.2
353.6,208.6
355.6,209
358.2,213.2
360.2,218.8
362.2,223.8
364.1,229.3
366.2,232.4
368.7,231.4
370.7,234
373.0,235.3
375.0,233.7
377.0,234.3
381.5,245
383.5,244.7
385.5,241.6
387.5,241.9
389.9,243.1
391.9,245.9
393.9,249.6
397.5,246.8
400.3,246.4
402.3,245.7
404.3,244.9
406.3,237.7
408.4,235
410.8,228.1
412.8,226.9
414.8,218.6
416.8,218.1
418.8,215.5
421.6,212.9
423.6,207.8
425.6,198.3
427.6,192.8
429.6,185.7
432.1,183.9
434.1,180.6
436.1,169.8
438.1,163.2
440.1,158
442.5,155.5
444.8,142.4
446.8,136.1
448.8,134.4
450.8,130
453.3,122.6
455.3,117.7
457.3,110.2
461.4,102.9
463.9,96.4
465.9,91.6
467.9,85.5
470.2,82.5
472.3,78.9
480,0
"Heat Flux",35
"Number of HRR Data Pairs",232
"sec,kw/m2"
0.0,30
2.1,74.8
4.1,114.9
6.1,158.3
8.1,174.4
10.1,179.7
12.5,183.7
14.7,184.3
16.7,181.5
18.7,180.2
20.7,178.6
23.1,181
25.1,186.3
27.1,189.1
29.1,191.6
31.1,190.8
33.4,197.5
35.4,198.7
37.6,204.2
39.6,205.7
41.6,201.3
44.0,194
46.0,181.2
48.0,170.7
50.0,165.1
52.0,160.4
54.4,152
56.4,149.2
58.4,147.8
60.5,146
62.5,143.7
64.9,140
66.9,137.7
68.9,136
70.9,134.8
72.9,136
75.2,135.3
77.2,132
79.2,128
81.3,131.8
83.3,133.6
85.7,134.5
87.7,133
89.6,128.5
91.6,128
93.6,128
96.1,127
98.1,128
100.0,127.1
102.0,126.3
104.2,125.8
106.6,127.2
108.6,126.3
110.6,126.2
112.6,127.6
114.6,127.8
117.0,127.1
119.0,128.5
121.0,129.2
123.0,130.5
125.0,130.4
127.7,132.6
129.7,132.3
131.7,131.1
133.6,130.2
135.7,129.3
138.1,128.4
140.1,126.8
142.1,130.4
144.1,131.9
146.0,130.9
148.7,128.7
150.7,128.8
152.7,125.9
154.7,124.8
156.7,126.1
159.1,124.5
161.1,122.9
163.1,120.6
165.1,117.2
167.1,113.2
169.5,111
171.8,109.3
173.8,109.3
175.8,109.4
177.8,108
180.1,106.5
182.1,107.1
184.1,106.2
186.1,105.5
188.1,107.4
190.5,108.3
192.5,107.8
194.6,110.5
196.6,112.4
198.6,113.4
201.1,114.7
203.1,115
205.1,117.1
207.1,119.2
209,117.5
211.5,118.4
213.5,117.3
215.7,116.8
217.7,116.4
219.7,118
222.1,116.7
224.0,116
226.0,116.5
228.0,115.1
230.0,114.4
232.4,113.6
234.4,111.9
236.4,112.6
238.6,114
240.6,113.9
243.0,112.3
245.0,112.4
247.0,111.7
249.0,111.4
251.0,112.8
253.4,113.2
255.4,113.9
257.4,114.4
259.4,115.8
261.5,118.3
263.9,120.2
265.9,121.1
267.9,124.1
269.9,125.4
271.9,126.3
274.3,127
276.3,128.4
278.3,131.2
280.3,133.8
282.4,135.3
284.8,139
286.8,140.8
288.8,143.5
290.8,144.4
292.8,147.8
295.2,146.1
297.2,145.8
299.2,148.7
301.2,149.4
303.2,150.3
305.9,151
307.9,152.3
309.9,154.4
311.9,154.9
313.9,156.3
316.3,157.7
318.2,157.2
320.2,162.9
322.2,164.9
324.2,165.6
326.6,171.4
328.7,173
330.7,174.1
332.7,177.1
334.7,179.8
337.0,185.7
339.0,190.2
341.0,193.7
343.0,195.8
345.0,199.1
347.4,202.8
349.6,207.5
351.6,212
353.5,217.6
355.5,218
357.9,223.5
359.9,226.9
361.9,231.9
363.9,236.1
365.9,238.7
368.4,239
370.3,238.8
372.5,241.8
374.5,244.9
376.5,247.7
378.9,245.1
380.9,244.8
382.9,247.2
384.9,249.2
386.9,248.3
389.3,249.7
391.3,250.1
393.3,253.1
395.4,251.7
397.4,252.7
399.8,254
401.8,251.3
403.8,252.5
405.8,253.7
407.8,255.1
410.2,250.5
412.2,244.8
414.1,243.6
416.2,242.2
418.2,238.4
420.5,227.1
422.5,220.6
424.5,209.5
426.5,203.7
428.5,200.4
430.9,192.2
432.9,183.2
434.9,179.8
436.9,175.5
439.0,169.7
441.3,165.3
443.3,163.1
445.3,156.9
447.3,154.4
449.3,151.7
451.6,146.3
453.6,137.2
455.6,126.4
457.6,119.9
459.6,115.3
462.3,110.1
464.3,103.1
466.3,95.3
468.3,90.9
470.3,89.8
472.6,86.5
474.6,83.3
476.6,80.8
478.6,77.8
480.6,76.6
490,0
"Heat Flux",50
"Number of HRR Data Pairs",204
"sec,kw/m2"
0.0,30
1.9,72.2
3.9,128.3
5.9,178.1
7.9,200
10.0,212.2
12.7,221.6
14.7,224.9
16.7,232.3
18.7,238
20.7,241.7
23.2,256.8
25.2,267.1
27.1,275.2
29.2,265.4
31.2,256.6
33.9,244
35.9,240.4
37.9,226.9
39.9,215.6
41.9,202.5
44.4,194.2
46.4,188.5
48.4,180.2
50.4,180.9
52.4,178.3
55.0,178.8
57.2,178.9
59.2,184.7
61.2,189.5
63.2,189.1
65.6,188
67.6,187.7
69.6,186.1
71.6,184.6
73.6,184.8
76.0,185.1
78.1,181.3
80.2,177.5
82.2,170.8
84.2,171.6
86.7,168.1
88.7,167
90.7,166
92.7,162.2
94.8,160
97.3,157.1
99.3,155.7
101.5,152.1
103.5,151.2
105.5,147.8
108.0,152
110.0,160.8
112.0,158.9
114.0,156.8
116.0,160.3
118.4,160.8
120.4,161.2
122.4,162.5
124.6,159.2
126.6,160.3
129.1,158.8
131.1,156.9
133.0,154
135.1,152.6
137.0,150.7
139.6,151.2
141.5,148.5
143.5,148.6
145.6,149.5
147.7,149
150.2,148
152.2,147.7
154.2,148
156.2,148
158.2,148
160.6,148
162.7,147.7
164.7,147.7
166.7,148.9
168.9,146.6
171.3,150.1
173.3,150.4
175.3,151.7
177.3,154.1
179.3,154.5
181.7,153.6
183.7,151.6
185.7,150.5
187.7,149.6
189.7,146.7
192.4,145.5
194.5,144.8
196.5,140.4
198.5,138.1
200.5,136.9
202.9,136.6
204.9,136.4
206.9,133.7
208.9,133.5
210.9,131.5
213.3,132
215.5,133.8
217.5,133.1
219.5,133.2
221.5,133.1
224.1,135.9
226.0,136.5
228.0,136.5
230.0,137.7
232.0,138.4
234.5,142.8
236.7,144.2
238.7,147.3
240.7,149.9
242.8,151.3
245.2,155.3
247.2,157.4
249.2,161.6
251.2,164.1
253.2,166.6
255.7,166.5
257.7,170.6
259.9,172.1
261.9,172.8
263.8,175.3
266.3,182.8
268.3,188.3
270.3,188.7
272.3,190.5
274.3,194.6
276.7,196.9
278.7,200
280.7,206
282.9,208.8
284.8,214.5
287.4,215
289.3,220.5
291.4,224.6
293.3,232.8
295.3,233.4
297.9,238.3
299.8,238.1
301.8,245.7
304.1,252.8
306.1,258.2
308.5,265.8
310.5,266.6
312.5,270.1
314.5,276
316.5,276
318.9,281.7
320.9,288.4
322.9,287.8
324.9,286.5
327.1,286.4
329.6,292.4
331.6,288.1
333.6,295.9
335.6,299
337.6,300.6
340.1,304.1
342.1,304.3
344.1,300.6
346.1,301.2
348.1,301.3
350.8,300
352.8,297.3
354.8,294.9
356.8,289.8
358.8,286.5
361.3,283.2
363.3,278.5
365.3,266
367.3,257.3
369.3,249
372.1,238.5
374.1,235.2
376.0,222.3
378.1,212.6
380.1,206.9
382.5,197.9
384.5,191
386.5,184.2
388.5,180.2
390.6,176.3
393.0,169
395.2,162
397.2,157.3
399.2,151.2
401.2,147.3
403.6,137.6
405.7,130.8
407.6,123.9
409.6,118
411.6,113.1
414.1,108.4
416.1,105.8
418.3,101.4
420.3,96.9
422.3,94.9
424.7,91.9
426.7,89.4
430,0
"Ignition Data"
"Number of Pairs",6
"flux kw/m2,ignition time sec, peak hrr kw/m2"
25,139.9,262.5
25,163.5,300.6
35,44,255.1
35,55.1,265.7
50,25.1,304.3
50,26.5,276
"Flame Spread Parameter",0
"Min Surface Temp For Spread",0
"Effective Heat of Combustion",0
