"Material Description"
"Number of HRR Curves",4
"Heat Flux",25
"Number of HRR Data Pairs",974
"sec,kw/m2"
0,30.9
.5,46.2
.9,62.8
1.4,94.2
1.9,114
2.3,137.5
2.6,161.8
3,171.1
3.5,186.3
4,192.6
4.5,200.1
4.9,203.9
5.4,210.1
5.9,211.2
6.1,210.5
6.8,208.9
7.7,204.1
8.7,203.4
9.6,198.3
10.5,196
11.6,196
12.7,190.8
13.6,190.1
14.6,188.6
15.6,184.3
16.6,177.3
17.7,177
18.8,175.4
19.7,174.3
20.6,172.5
21.6,170
22.5,169.7
23.8,169.6
24.8,167.1
25.5,167.9
26.6,166.2
27.7,165.8
28.7,161.3
29.6,160.3
30.8,159.6
31.6,160.9
32.6,156.8
33.6,154.6
34.7,153
35.6,154.5
36.7,156.5
37.7,154.9
38.7,154.1
39.7,155.5
40.8,154.5
41.7,151.4
42.8,151.8
43.7,149.9
44.8,150.2
45.8,149.5
46.8,150.6
47.6,148
48.6,147
49.7,146.2
50.6,142.8
51.7,141.4
52.6,139
53.7,134.7
54.7,134.5
55.5,133.6
56.6,131.1
57.7,127.6
58.7,126.4
59.6,123.3
60.7,122.1
61.6,121.8
62.6,119.3
63.5,117.1
64.7,116.6
65.7,115.5
66.6,114.5
67.6,114
68.8,112.8
69.8,112.1
70.5,112
71.6,109.7
72.7,108.5
73.6,108.3
74.6,108
75.6,105.4
76.6,102.1
77.7,101.6
78.8,100.4
79.8,98.5
80.6,98.7
81.6,98.1
82.8,96.6
83.8,95.5
84.6,94.5
85.6,92.6
86.8,92.1
87.8,90.3
88.6,89.7
89.6,88.7
90.7,87.4
91.8,86.9
92.6,86.7
93.7,86.3
94.7,85.2
95.7,84.3
96.7,83.2
97.7,82.1
98.7,81.2
99.7,80.9
100.7,80.4
101.8,79.8
102.8,78.5
103.6,77.4
104.5,76.9
105.8,75.6
106.8,76
107.6,76
108.7,75.5
109.7,76.2
110.7,74.5
111.7,74.9
112.7,75.7
113.7,76
114.6,75.6
115.5,73.9
116.8,73.2
117.8,73.1
118.6,73.6
119.6,73.7
120.7,72.6
121.6,72.5
122.7,71.3
123.7,70.4
124.7,72.2
125.6,73.3
126.6,73.3
127.7,72.8
128.8,71.8
129.6,71.3
130.6,72
131.7,72
132.7,71.3
133.7,71.7
134.5,70.5
135.5,71.6
136.6,72.6
137.6,73.8
138.8,73.2
139.8,73.6
140.6,73.6
141.6,73.6
142.8,72.7
143.9,73.3
144.7,72.9
145.5,72.9
146.6,73
147.7,73.1
148.7,73.4
149.5,73.7
150.6,74.1
151.7,73.7
152.8,74.2
153.8,74.4
154.8,75
155.6,73.1
156.6,73.2
157.8,75.2
158.9,74.6
159.6,74.1
160.5,74.5
161.6,76.1
162.7,76.5
163.7,77.9
164.5,79.4
165.6,78.7
166.6,78.9
167.7,78.2
168.8,78.9
169.9,79.1
170.7,79.6
171.6,80.1
172.6,80.3
173.8,80.5
174.8,80.9
175.5,80.3
176.6,81.3
177.7,81.8
178.5,81.8
179.6,81.9
180.6,81.3
181.6,82
182.7,82.2
183.8,81.9
184.8,83.7
185.7,83.5
186.6,83.1
187.6,83.2
188.8,83
189.7,83.8
190.5,84.7
191.6,84.9
192.7,84.5
193.6,84.1
194.6,84
195.6,84.6
196.6,84.3
197.7,84.6
198.8,85.1
199.6,85.6
200.7,86.7
201.6,86.8
202.6,88.1
203.8,89.6
204.7,89.6
205.5,88.3
206.6,88.5
207.7,88.1
208.8,88.9
209.6,89.6
210.6,90.1
211.6,89.1
212.6,88.3
213.5,88.4
214.8,88.4
215.7,88.3
216.6,88.6
217.6,88.3
218.8,87.9
219.8,86.9
220.5,86.5
221.6,85.6
222.7,87.2
223.8,88.3
224.6,86.4
225.6,87
226.6,87
227.6,86.3
228.5,86.5
229.8,86.6
231.8,88.3
232.3,88.2
232.9,88
233.7,86
234.7,85.7
235.8,85
236.7,85.7
237.7,84.7
238.7,84.8
239.8,84.6
240.8,83.8
241.8,84.1
242.6,84.8
243.6,85.1
244.8,85.4
245.9,86.2
246.6,86.5
247.7,86
248.7,85.9
249.7,86.1
250.7,86.5
251.7,85.9
252.8,86.2
253.6,86
254.6,85.3
255.8,86.9
256.8,86.5
257.6,84.8
258.7,85.6
259.7,86.4
260.7,86.4
261.8,86
262.7,86.4
263.8,87.1
264.6,87
265.6,87
266.8,87.3
267.9,86.8
268.6,86.8
269.6,88.4
270.7,88.8
271.6,89.5
272.7,88.6
273.7,89.6
274.7,89.3
275.7,91.5
276.8,91.9
277.7,91.3
278.8,91
280.8,90.9
281.3,90.4
281.7,91.2
282.7,92.7
283.6,92.8
284.5,94
285.6,94.3
286.6,92.9
287.7,92.8
288.8,94.6
289.8,96.1
290.7,96.1
291.6,96.1
292.6,96.6
293.7,96.6
294.6,97.6
295.7,99.6
296.6,100.1
297.7,100.4
298.6,100.4
299.8,99.9
300.7,99.7
301.8,100.9
302.6,101
303.6,101.2
304.7,100.2
305.6,99.4
306.7,100
307.7,101.6
308.8,104
309.6,106
310.6,108.3
311.8,108.1
312.9,109.3
313.6,109.8
314.5,111
315.5,113.1
316.7,112.2
317.7,113.9
318.8,115.9
319.8,116.1
320.6,116.8
321.6,118.7
322.8,118.8
323.8,119.3
324.6,120.6
325.6,119.8
326.8,119.2
327.9,120.9
328.6,121
329.5,120.1
331.4,120.7
331.9,122.2
332.6,123.1
333.6,122.6
334.7,124.5
335.6,125.7
336.7,125.4
337.7,126.3
338.7,125
339.7,125.9
340.8,127.4
341.7,129.3
342.8,129.2
343.6,127.1
344.5,126.1
345.5,128.1
346.7,130
347.7,132.8
348.8,133.1
349.8,132.1
350.6,132.6
351.6,132.1
352.8,133.1
353.8,133.2
354.6,134.2
355.6,134.4
356.8,137.3
357.8,135.9
358.6,136.5
359.6,136.9
360.7,136.6
361.7,136.9
362.7,140.9
363.7,142.1
364.7,140.7
365.7,144.7
366.8,143.4
367.8,142.7
368.8,144.3
369.6,142.5
370.5,143.1
371.8,142
372.9,143.5
373.7,142.7
374.5,142.9
375.5,142.9
376.7,144.3
377.7,144.4
378.7,144.7
379.7,144.3
381.8,146.5
382.3,144.8
383,145.1
383.7,145.9
384.6,148.7
385.5,147.6
386.8,148.8
387.8,146.6
388.6,147.6
389.5,150
390.5,149.1
391.6,149.4
392.7,148.1
393.7,148.5
394.7,151.2
395.7,152.3
396.8,152.1
397.8,152.4
398.8,150.9
399.6,152
400.5,153.4
401.8,153.4
402.9,153.8
403.7,155.5
404.5,155.3
405.5,155.8
406.6,160.2
407.6,160.7
408.8,158.9
409.8,156.6
410.6,156.7
411.6,155.2
412.7,155.7
413.6,154.5
414.6,156.2
415.5,158.7
416.5,159.5
417.7,160
418.7,159.8
419.5,160.8
420.5,160.9
421.6,162.5
422.6,161.9
423.8,161.8
424.8,162.3
425.6,163.4
426.6,162.4
427.8,162.2
428.8,163.1
431,161.1
431.5,161.9
432,162.8
432.7,163.8
433.6,163.8
434.5,163.8
435.6,163.4
436.6,165.8
437.7,164.5
438.8,166.9
439.9,167.4
440.6,166.9
441.6,166.4
442.5,165.6
443.7,163.9
444.7,163.2
445.5,163.8
446.6,165.9
447.7,165
448.8,162.7
449.5,162.2
450.6,161.6
451.6,161.2
452.7,162
453.8,158.3
454.8,157.4
455.6,157.1
456.6,159
457.7,153.1
458.7,150.6
459.7,153.2
460.6,149.1
461.7,151.8
462.7,151.9
463.7,150
464.5,149.2
465.5,150.8
466.7,151.5
467.8,149.7
468.8,148.3
469.8,146.8
470.6,145.4
471.6,143.6
472.8,143.9
473.9,144.5
474.6,142.3
475.5,143
476.6,140.6
477.7,137.4
478.8,133.5
480.9,134.7
481.4,131.8
481.9,129.5
482.7,128.9
483.8,127.1
484.9,123.5
485.6,122.9
486.6,120.5
487.5,120
488.8,118.4
489.7,116.2
490.5,115.2
491.6,114.5
492.7,111.7
493.7,111.3
494.5,108.1
495.5,108.3
496.6,105.8
497.7,105.8
498.8,102.9
499.8,101.9
500.6,100.5
501.6,99.6
502.8,97.8
503.9,97.6
504.6,95.8
505.5,94.2
506.6,92.5
507.7,91.9
508.7,90.7
509.6,90.8
510.6,88.1
511.6,86
512.7,84.9
513.8,82.6
514.8,81.2
515.6,80.4
516.6,80
517.8,79.8
518.9,79.5
519.7,77.4
520.5,76.9
521.5,75.2
522.7,74.9
523.7,74.1
524.5,73.3
525.5,71.9
526.6,70
527.6,69.2
528.8,69.1
531.1,68.5
531.6,67.6
532,67.2
532.8,67.1
533.8,66.3
534.6,66.9
535.6,66.8
536.8,66.6
537.8,67.4
538.6,67.5
539.6,66.8
540.7,65.7
541.6,65.4
542.7,64.9
543.8,65.3
544.8,66.5
545.6,65.9
546.6,64.6
547.8,65
548.8,64.4
549.6,63.6
550.6,62.8
551.8,63.7
552.8,64.2
553.6,64.2
554.6,63.9
555.7,62.9
556.8,62.6
557.6,63.4
558.7,63.8
559.8,64.5
560.7,63.4
561.6,63.6
562.6,63.4
563.7,62.6
564.6,62.8
565.7,63.2
566.7,63
567.8,62.9
568.6,63.1
569.5,62.4
570.8,62.6
571.8,61.1
572.6,61.6
573.6,62.8
574.8,63.4
575.7,63.2
576.6,61.9
577.7,61.6
578.7,61.1
579.5,62.3
580.5,62.2
581.6,62.2
582.7,60.8
583.6,61.3
584.6,60.9
585.6,60
586.6,61.7
587.7,61.8
588.8,61.4
589.8,61.3
590.6,61.1
591.6,60.6
592.6,61.4
593.8,61.7
594.8,61.5
595.7,61.1
596.6,60.9
597.7,60.8
598.7,60.4
599.6,61.1
600.6,61.5
601.6,61.8
602.7,60.8
603.8,61
604.8,59.9
605.7,60.6
606.6,62
607.6,61.1
608.7,60.2
609.6,60.1
610.5,59.8
611.6,60.6
612.7,60.7
613.7,61.2
614.8,60.8
615.8,59.3
616.8,59.4
617.6,59
618.6,59.7
619.7,60.5
620.6,60.3
621.7,59.9
622.7,59.3
623.7,59.4
624.7,59.1
625.8,60.4
626.7,59.4
627.9,58.6
628.6,59.2
629.6,58.7
632.1,58.2
632.6,58.9
633,59.1
633.8,58.8
634.8,58.3
635.6,58.3
636.6,58.1
637.8,58.7
638.9,59
639.7,59.1
640.5,58.6
641.6,57.8
642.7,57.2
643.6,57.8
644.6,58.6
645.6,58.5
646.6,58.1
647.7,57.4
648.8,57.6
649.8,57.3
650.7,57.9
651.6,58.4
652.6,58.1
653.8,57.4
654.8,56.2
655.7,56.2
656.6,56.2
657.7,57.4
658.7,56.8
659.8,56.2
660.7,56.8
661.8,56
662.6,56.2
663.6,57.7
664.8,57.3
665.7,57.7
666.6,57.5
667.6,56.9
668.8,56.9
669.8,56.9
670.5,57.2
671.6,57.6
672.7,56.7
673.8,57
674.6,56.9
675.6,56.4
676.6,56.7
677.7,57
678.8,56.6
679.8,56.5
680.6,55.9
681.6,55.3
682.7,55.4
683.8,55.8
684.7,56.1
685.5,56.1
686.6,55.9
687.7,55.6
688.7,54.9
689.5,56
690.5,56.5
691.6,56.6
692.6,55.9
693.8,55
694.8,55.1
695.6,55.5
696.6,55.9
697.7,56.3
698.7,55.6
699.7,55.6
700.5,56.1
701.5,55.9
702.7,56.3
703.7,56.4
704.5,56.5
705.5,56.1
706.6,55.8
707.6,55
708.8,55.2
709.9,55
710.7,55.5
711.6,56.1
712.6,56.3
713.7,55.7
714.6,55
715.7,56.7
716.6,57
717.7,56.6
718.7,56
719.6,55.7
720.6,55
721.6,55.1
722.6,55.6
723.6,57.2
724.9,56.5
725.6,56.8
726.6,56.9
727.6,56
728.8,54.9
729.7,55.6
732.2,56.3
732.7,55.9
733.1,56.4
733.8,56.9
734.5,55.9
735.6,56.1
736.6,56.4
737.7,57.3
738.8,57
739.9,56.7
740.6,56.4
741.6,56
742.5,55.8
743.7,56.8
744.5,56.9
745.5,57.9
746.6,58.1
747.7,57.6
748.6,57.4
749.6,58
750.7,58.5
751.8,58.9
752.7,59.5
753.8,58.2
754.8,58.4
755.7,58.3
756.6,57.3
757.6,57.8
758.7,58.5
759.6,59.1
760.5,58.7
761.6,58.4
762.7,58.5
763.6,58.5
764.5,58.4
765.8,58.8
766.9,58.7
767.7,58.6
768.6,58.8
769.7,58.8
770.6,58.4
771.7,58.7
772.7,59.3
773.7,59.9
774.7,60.2
775.8,60.3
776.7,59.6
777.9,59.3
778.6,60.1
779.5,60.8
780.5,60.6
781.7,60.9
782.7,60.8
783.8,60.8
784.8,60.3
785.6,61.4
786.6,61.3
787.8,60.1
788.9,59.4
789.6,58.5
790.5,58.6
791.6,59.1
792.7,59.3
793.7,59.9
794.5,60.1
795.6,59.9
796.6,59.6
797.6,58.6
798.6,59.2
799.8,59
800.9,59.3
801.6,59.8
802.7,60.5
803.7,60.5
804.7,60
805.7,60
806.6,61
807.7,61
808.7,61.1
809.8,59.9
810.8,59.8
811.9,59.6
812.6,59.7
813.7,60.2
814.7,61.3
815.7,59.9
816.8,60
817.8,60.1
818.8,59.5
819.6,60.4
820.5,60.5
821.8,59.5
822.8,59.4
823.6,59.4
824.6,58.8
825.8,58.8
826.9,60.3
827.6,60.1
828.7,59.5
829.7,59.3
832.3,58.7
832.7,58.7
833.2,58.7
833.8,59.2
834.6,59.2
835.5,59.9
836.5,58.7
837.7,58.9
838.7,58.2
839.5,58.7
840.5,58.6
841.6,58
842.6,57.6
843.8,58.1
844.8,57.2
845.6,57.9
846.6,58.5
847.8,59
848.9,58.6
849.6,59
850.5,58.7
851.6,59.1
852.7,59
853.8,59.2
854.5,58.7
855.6,59
856.6,58.8
857.6,57.7
858.8,58.4
859.9,59.7
860.7,59.3
861.6,59
862.6,57.9
863.7,57.7
864.7,58
865.5,58.6
866.6,58.8
867.7,58.3
868.7,57.9
869.6,58.1
870.7,58.5
871.8,59.2
872.6,59.3
873.5,58.5
874.8,58.4
875.7,57.4
876.6,57.4
877.6,58.1
878.8,58.8
879.7,58.4
880.5,57.6
881.6,57
882.7,57.5
883.7,59
884.5,58.7
885.5,57.9
886.6,57.1
887.7,57.4
888.8,56.7
889.8,57.8
890.6,57.7
891.6,57.3
892.7,56.9
893.7,57.4
894.7,57.4
895.5,56.9
896.6,57.5
897.7,57
898.8,56.8
899.5,57.2
900.6,57.1
901.6,57.8
902.7,57.8
903.8,58.3
904.8,58.2
905.7,56.5
906.6,56.6
907.6,56.8
908.7,57.2
909.7,56.7
910.7,56.4
911.7,55.6
912.7,56.6
913.6,58.2
914.5,57.7
915.8,56
916.8,55.7
917.6,56.2
918.6,56.9
919.8,56.7
920.9,57
921.6,56.7
922.7,55.8
923.7,56
924.7,56.8
925.7,56.4
926.6,55.7
927.7,55.1
928.6,54.5
929.5,55
932.6,55.3
933,55.2
933.3,54.4
934,54
934.9,53.9
935.6,53.7
936.6,54.6
937.5,55.1
938.8,54.9
939.7,54.2
940.5,53.7
941.6,54.4
942.7,55
943.8,55.5
944.6,54.7
945.6,54
946.6,53.6
947.7,54.4
948.8,55
949.9,54.3
950.6,0
951.6,0
952.5,0
953.8,0
954.7,0
955.5,0
956.6,0
957.7,0
958.6,0
959.6,0
960.6,0
961.6,0
962.7,0
963.8,0
964.6,0
"Heat Flux",30
"Number of HRR Data Pairs",796
"sec,kw/m2"
0,33.5
.5,48.4
.9,63.1
1.4,89.5
1.9,123.6
2.1,141.8
2.6,159.4
3,171.6
3.5,186.2
4,192.7
4.5,197.1
5,199.4
5.9,205.6
6.9,206.6
7.9,205.2
8.9,202.3
9.8,205.5
10.8,204.8
11.7,200.8
13,199.5
13.9,198.1
14.8,196.4
15.8,195.6
17,193.2
18,195.3
18.8,190.3
19.8,188.9
20.9,189.2
21.9,189.3
22.9,184.4
23.9,182
25,181.5
25.8,182.5
26.8,182.2
27.9,178.5
28.8,176.6
29.9,180.1
30.9,177.6
31.9,179.2
32.8,178.4
33.8,179.4
34.9,179.4
35.9,177.6
36.9,178.2
37.8,175.8
38.9,176.7
39.8,176.2
40.9,175.6
41.9,176.4
42.9,176.3
43.9,173.7
44.9,172.8
45.9,171.3
46.9,172.1
47.8,172.3
48.8,171
50,171.5
51,169.5
51.8,170.2
52.8,168.1
53.9,166
54.8,167.1
55.9,167.4
57,165.2
58,164.3
58.9,163.4
60,162.2
61,161.3
62.1,160.9
62.8,162.3
63.8,154.1
64.9,151.3
65.9,150
66.9,147.3
67.7,143.3
68.8,139.1
69.8,137.6
70.8,136.4
72,132.5
73.1,129.2
73.8,129.4
74.8,125.4
75.8,122.7
76.9,118.6
77.7,118.1
78.9,115.8
79.8,112.2
80.9,110.9
81.9,109.6
83,109.4
83.9,107.5
85,105.3
85.8,103.9
86.8,103.7
87.9,101.6
88.9,99.3
89.8,98.7
90.9,98.4
91.9,96.6
92.8,93.8
93.8,93.4
95,91.7
96,91.4
96.8,88.9
97.7,89.2
99,87.6
100,85.9
100.8,85.9
101.9,85.8
102.9,84.2
103.8,82.3
104.9,82.4
105.9,83
106.9,81.5
107.9,79.6
109,80.5
110,79.4
111,78.8
111.8,77.5
112.8,78.8
113.9,78.5
114.9,76.2
115.9,75.6
117,75.9
117.9,76.4
118.8,74.8
119.8,74.6
120.9,75.6
121.8,73.9
122.8,74.6
123.8,74.1
125,74.5
126.1,74
126.8,73.8
127.7,74.7
128.8,74.5
129.9,73.7
131,74.3
132,75
133,74
133.8,73.1
134.8,74
135.7,74.8
137,74
137.9,74.3
138.8,75.3
139.8,74.9
140.9,74
141.9,75.1
143,75.2
143.9,75.8
144.8,74.7
145.8,74.6
146.8,75.1
148,74.6
148.9,74.3
149.8,76.1
150.9,76.3
151.9,77.2
152.9,78
153.9,78.1
154.9,78.6
156,78
156.8,78.7
157.8,79.6
159,78.6
160,77.8
160.8,79.7
161.9,80.3
162.9,80.1
163.9,80.5
165,80.1
166,80.7
166.9,80.6
167.8,82
168.8,82.4
169.9,81.5
170.9,82.3
171.9,81.9
172.7,81.7
173.8,81.3
174.9,80.9
176,82.4
177,82.8
178,83
178.8,84.2
179.8,83.8
180.9,83.5
182,84.3
182.9,84.3
183.8,84.9
184.8,83.9
185.9,83.8
187,84.5
187.9,83.9
188.9,84.6
189.8,86.1
190.8,86.3
191.8,85.6
193,85.4
194.1,86.8
194.9,86.5
195.9,87.7
196.9,88.3
197.9,87.7
199,87.1
199.9,88.5
201,90.1
201.8,89.4
202.8,88.9
203.9,89.9
204.8,90.2
205.9,90.1
206.9,93
207.9,92.6
208.9,93.6
210,92.4
211,93.7
212,94.3
212.8,94.8
213.8,94.1
214.7,95.2
215.9,94.8
216.9,95.7
217.7,97
218.8,97.3
219.8,96.8
220.8,97.7
222,98.4
223,99.1
223.8,98.9
224.8,100.2
226,99.6
227.1,98.7
227.8,100.4
228.8,100.2
229.7,100.6
230.9,101.8
232,101.1
232.7,101.8
233.8,100.8
234.8,101.6
235.9,103.9
237,103
238,103.4
238.8,104.8
239.8,104.9
241,104.9
242.1,105
242.9,105.1
243.8,106.6
244.8,106.4
245.9,106.9
247,106.4
247.9,106.5
248.8,107.7
249.8,108.2
250.9,109.1
252,110.6
254.1,109.9
254.5,110.6
255,112.3
255.8,111.5
256.9,110.6
257.8,111.8
258.8,113.6
259.8,113.2
260.9,114.3
261.9,115.6
263,115.3
264,115.3
265,116
265.8,117.6
266.8,117.9
267.9,117.7
268.8,119.3
269.9,120.6
270.9,119.8
271.9,122.1
272.9,121.3
274,121.5
275,121.3
276,121.9
276.8,120.9
277.8,122
278.9,124.5
279.8,123.8
280.8,126.4
281.9,126.2
282.9,125.6
283.9,126.1
284.9,127.9
285.9,127.9
287,128
287.8,129.6
288.8,130.5
289.9,130.7
291,132.3
291.8,130.5
292.8,130.9
294,132.2
295.1,133.9
295.9,133.9
296.9,132.8
297.9,134.9
298.9,132.3
300,132.5
301,134.7
302,134.4
303.8,134.7
304.2,135.7
304.9,136.8
305.9,134.9
306.9,135.9
307.7,137.1
308.8,136.2
309.9,135.2
311,137.5
312,136.2
313,137.7
313.8,139.5
314.8,139.8
316,141.4
317,141.6
317.8,143.1
318.8,142.3
320,143
321,144.3
321.8,141.3
322.7,142.5
323.7,143.6
324.9,143.1
326,147.6
327,148.1
327.9,148.1
328.9,147
329.9,149
331,149.8
331.9,151.5
332.8,150.5
333.8,151.8
335,153.1
336,153.1
336.8,153.8
337.8,155.6
338.9,154.5
339.9,155.4
340.9,156.1
341.9,156.3
342.9,157.7
343.9,155.1
345,156
345.9,154.5
347,157.1
347.8,157
348.8,157.5
349.9,155.8
351,158.4
351.8,160.5
352.8,161.6
355.1,161.5
355.5,162.2
356,161.8
356.7,163.3
358,163.2
358.9,164.2
359.8,167.5
360.8,165.5
362,166.1
362.9,166.9
363.8,167.1
364.8,166.3
365.9,169.8
367,169.9
367.7,169.6
368.8,167.6
369.8,167.9
370.9,166.2
372,169.2
373.1,170.3
373.9,169.1
374.8,171.8
375.8,174.3
376.9,174.6
377.9,173.7
378.8,172.7
379.8,172.3
380.9,172.8
381.9,173.8
382.7,173.5
383.8,173.3
384.9,172.4
385.9,173.3
387,172.8
388,174
388.8,170.7
389.8,173
391,173.1
392,171
392.8,170.5
393.8,171.3
394.7,172.8
395.9,175
397,176
397.7,175.6
398.8,174.6
399.8,175.6
400.9,176.7
402,175.6
404.3,177
404.8,177.7
405.2,175.9
405.9,175.3
406.9,176.4
407.8,176.4
408.9,177.5
409.8,178.5
410.9,177.4
411.8,177.8
412.9,178.9
413.8,177.5
414.8,180.1
415.9,178.4
417,178.9
418.1,179.8
418.9,180.3
419.8,182.1
420.8,181.5
421.9,179.8
422.8,181.7
423.8,182.2
424.9,182.9
425.9,184.6
426.9,184.2
428,186.2
428.9,184
430,183.8
430.8,184
431.8,183.3
433,184.1
434.1,182.3
434.8,182
435.9,179.9
436.9,180.3
437.9,177.9
439,176.2
439.9,177.5
441,177.4
441.8,179.2
442.7,177.9
444,174.7
445.1,175.9
445.8,171.9
446.9,173.7
447.9,169.5
448.9,168.2
450,166.4
451,167.3
451.9,168.7
452.8,164.9
454.9,165.6
455.4,163.7
456.1,160.7
456.9,160.9
457.7,158.7
458.7,157.4
459.9,156.6
460.9,155
462,153.4
462.9,150.9
463.9,150.7
464.9,148.8
466,149.1
467,147.8
467.8,148
468.8,146.7
469.9,143.7
470.9,142.8
471.9,143.4
472.7,142.3
473.8,140.3
474.9,139.8
476,138.3
477,137.1
478,138.1
478.8,136.2
479.8,135.8
481,136.1
482,133
482.8,131.8
483.8,132.5
484.9,129.7
485.8,129.1
486.8,127.9
487.8,125.8
488.9,125.9
489.8,125
490.9,124.7
491.9,124.2
492.9,121.7
493.9,120.5
495,119.9
496,118.3
497,119.3
497.8,117.2
498.8,116.3
499.9,115
500.9,114.3
501.9,111.6
502.7,110.7
504.8,110.9
505.3,108.6
505.9,106.7
506.9,106.3
507.9,102.9
508.9,101.6
510,100
511,97
512,97.9
512.8,97.6
513.8,95.8
515,94.6
516.1,91.7
516.8,89
517.8,87.5
518.9,85.6
519.8,84.9
520.9,84.2
521.9,84.4
522.9,83.8
523.8,84.2
524.8,82.9
525.9,80.4
526.9,79.3
527.8,78.3
528.9,77.3
529.8,78.1
530.9,76.1
531.8,76.8
532.7,77.2
533.9,75.6
535,75.4
535.8,73.9
536.8,72.8
538,72.8
538.9,69.7
539.8,69.5
540.8,69.5
542,70
542.9,69.6
543.8,70.5
544.8,71.2
545.9,71.1
546.9,71.9
547.9,72.2
548.8,72.4
549.8,73.3
550.9,72.1
552,71.7
553,71.1
555.2,71.1
555.7,70.3
556.2,70.7
556.9,70.4
557.9,69.3
558.9,71.1
559.9,70
560.9,69.4
561.8,68.7
562.7,67.7
564,65.7
565,65.4
565.8,65.1
566.9,64.7
567.9,65.6
568.8,66.8
569.9,66.6
570.9,68.7
571.9,68.5
572.9,68
573.9,67
574.9,66.4
575.9,67.6
576.8,68.1
577.7,68.2
579,69.5
580.1,69.7
580.9,69.4
581.9,70
582.9,69.1
583.9,68.5
585,69.2
585.9,69.1
586.9,69.1
587.9,70.2
589,69.8
589.9,69.6
590.9,70.3
591.8,71
592.7,70.3
594,71.2
595,70.8
595.8,71.3
596.8,72.2
598,71.8
598.9,70.4
599.8,71.2
600.8,71.4
602,70.3
602.9,71.2
603.8,70.3
604.8,69.8
605.9,71.5
606.8,71.4
607.7,71.1
608.8,71.8
609.8,72.1
610.9,71.3
612,71.3
612.9,71.5
613.9,71.1
614.8,71.8
615.9,71.3
616.9,69.9
617.9,71.6
618.8,70.5
619.8,70.2
620.9,71.7
621.9,70.6
622.9,70.5
623.9,70.6
624.8,70
625.8,70
626.7,70.3
627.9,70.5
628.8,71.1
629.8,70.8
630.9,70.9
632,70.9
633,72
633.8,71
634.8,70.4
635.9,70
636.8,70
637.7,69.2
638.8,69
639.8,69.3
640.9,69.6
642,69.3
642.8,70.5
643.8,69.8
644.8,69.7
645.9,70
647,68.9
647.9,69.1
648.8,70.4
649.8,69.9
650.9,69.1
651.9,69.7
652.7,68.6
655.1,68.8
655.5,70
656,69.4
656.7,69.9
658,70.3
658.9,69.1
659.8,69.4
660.8,70
661.9,68.8
662.7,68.2
663.8,68.7
664.8,67.8
665.9,66.9
666.9,68.3
667.9,67.2
668.9,67.3
669.8,69.2
670.8,69.1
671.7,68
673,68.8
673.9,69.1
674.8,68
675.9,68.4
676.9,68.3
677.8,67.5
678.9,66.8
679.8,68.7
681,67.9
681.9,69
683,70.3
683.9,68.7
685,68.4
685.8,68.7
686.8,67.7
688,68
689.1,68.1
689.8,68
690.9,66.4
691.9,68.3
692.8,67.6
693.8,67
695,66.9
696,67.3
696.8,67.8
697.7,68
699,68.5
700,67.5
700.8,67.8
701.8,67.9
703,66.6
704.1,66.8
704.9,67.1
705.9,67.1
706.9,66.7
707.9,67.2
708.9,66.8
709.8,66.1
710.9,66.3
711.8,65.9
712.7,65.4
714,66.8
715,67.3
715.8,66.3
716.8,67.5
718,67
718.9,65.9
719.8,66.7
720.9,67.4
721.9,66.6
722.8,66.8
723.9,67.3
724.8,66.2
725.9,66.3
726.9,67.1
727.9,66
728.8,65.6
729.8,66.6
730.9,67
732,66.6
733,66.4
733.9,66.3
734.8,65.9
735.8,65.6
737,66.2
738,66.1
738.8,66.5
739.8,66.5
740.9,65.3
741.8,65.4
743,66.1
743.9,66.2
745,65.2
745.8,65.1
746.8,65.6
748,65.1
749.1,65.8
749.8,65.5
750.8,65
752,65.9
753,65.7
755.4,65.1
755.9,64.3
756.3,65.2
756.9,64.7
757.7,64.4
758.8,65.5
759.8,64.7
760.9,63.8
762,64.5
763.1,64.9
763.8,64.3
764.8,64.6
765.7,65.6
767,64.9
767.9,64.6
768.8,65.2
769.8,65.1
770.9,63.5
772,64.5
772.9,64.9
773.8,63.8
774.8,0
775.9,0
777,0
778,0
778.8,0
779.8,0
781,0
782.1,0
782.8,0
783.8,0
784.8,0
785.9,0
786.9,0
787.7,0
788.7,0
"Heat Flux",40
"Number of HRR Data Pairs",890
"sec,kw/m2"
0,37.8
.5,37.4
.9,45.2
1.4,66.7
1.9,84.8
2.3,116
2.6,133.2
3,153.5
3.5,168.9
4,187.3
4.7,196.5
5.6,207
6.9,209.8
7.9,212.4
8.7,214.1
9.7,215
10.8,214.8
11.7,215.3
12.8,214.9
13.8,212.1
14.8,211.9
15.8,212.5
16.8,213.7
17.7,212.7
18.8,209.6
19.8,211.2
20.9,210.7
21.9,207.6
23,207.3
23.7,208.9
24.8,208
25.8,206.1
26.8,206.6
27.9,208.1
28.9,204.6
29.9,206.6
30.7,207.9
31.7,206.4
32.9,205.8
34,205.5
34.8,203.5
35.7,203.4
36.8,202.3
37.8,203.6
38.8,204.7
39.8,202.8
40.8,206.6
41.8,203.9
42.9,206.8
43.9,203.2
44.9,201.7
45.7,201.6
46.7,201.3
47.9,202.3
48.9,201.6
49.7,200.2
50.7,202.5
51.8,201.1
52.7,199.6
53.8,198.4
54.8,198.7
55.8,195.3
56.8,194
57.9,195.8
58.8,193.6
59.9,189.5
60.7,188.1
61.7,185.8
62.9,184.9
64,183.3
64.8,181.6
65.6,181
66.6,178
67.7,174.8
68.8,170.5
69.8,166.7
70.8,163.4
71.8,163.6
72.9,160
73.8,159.1
74.9,158.7
75.7,157.6
76.7,154.2
77.9,151.1
78.9,148.9
79.7,145
80.7,144.2
81.8,141.6
82.7,138.2
83.8,136.1
84.8,133.4
85.8,130.8
86.7,127.7
87.7,128.1
88.8,128.4
89.7,126.8
90.7,124.1
91.6,124.4
92.6,122.2
93.8,121.9
94.8,120
95.6,121.3
96.6,121
97.7,118.5
98.7,118.9
99.9,117.1
100.9,116
101.7,115
102.7,114
103.6,113.2
104.8,113.5
105.8,113.7
106.6,110.6
107.7,111.3
108.8,110.8
109.7,111.9
110.6,110.8
111.7,109.9
112.7,110.4
113.8,110.1
114.8,109
115.8,107.7
116.8,109.1
117.7,110.3
118.8,108
119.8,106.5
120.8,106.7
121.8,106.9
122.7,106.9
123.8,106.2
124.8,105.9
125.7,106.1
126.8,105.3
127.9,104.6
128.7,105
129.7,105.1
131,105.1
131.7,105
132.7,105.4
133.6,105.7
134.8,105.1
135.8,104.2
136.6,104.3
137.7,104.5
138.8,105.3
139.7,103.8
140.7,104.7
141.7,104.9
142.7,105.7
143.8,105.9
144.9,106.9
146,106.2
146.7,106.4
147.7,106.7
148.6,107.4
149.8,108
150.8,106.3
151.6,106.9
152.7,106.9
153.8,107.5
154.7,106.5
155.7,106.4
156.7,108.5
157.7,109
158.8,109.1
159.8,109.1
160.8,110.1
161.7,111.5
162.7,110.8
163.7,111.6
164.8,111.9
165.8,111.7
166.6,112.4
167.7,112.9
168.8,113.3
169.8,114.2
170.7,113.5
171.7,114.6
172.7,114.5
173.8,115.4
174.8,115.6
175.7,115.2
176.8,116.8
177.7,117.5
178.8,116.9
179.8,116.9
180.8,117.6
181.6,119.1
182.7,119.7
183.8,119.2
184.8,119.2
185.7,120.6
186.7,120.5
187.7,119.2
188.8,119.7
189.9,121
190.9,121.1
191.7,120.8
192.7,121.3
193.8,122.5
194.8,122.8
195.8,123.8
196.6,123.7
197.7,123.6
198.8,124.6
199.8,125.5
200.6,124.3
201.6,125.4
202.8,125.2
203.8,125.3
204.9,126.5
205.9,126.7
206.7,126.5
207.7,126.2
208.8,126.9
209.8,127.3
210.8,127.5
211.6,127.5
212.7,127.6
213.8,127.5
214.9,129.8
215.7,127.6
216.8,127.3
217.9,129.6
218.7,129.1
219.7,128.6
220.9,128.5
222,128.6
222.7,130.5
223.7,129.9
224.8,129.8
225.6,130.2
226.6,130.3
227.7,131.2
228.8,130.6
229.8,131.5
230.7,132.6
231.7,132.7
232.7,132.4
233.7,131.7
234.7,133.3
236,133.5
236.7,134.3
237.7,134.9
238.7,134.8
239.8,135.4
240.8,134.5
241.8,134.5
242.7,135.8
243.8,136.5
244.8,134.1
245.9,134.4
246.9,135.7
247.9,136.1
248.7,137
249.7,136.8
250.8,136.8
251.7,136.7
252.7,135.1
253.8,135.7
254.8,136.3
255.8,135.8
256.9,137.9
257.8,137.5
258.8,136.8
259.7,136
260.6,136.9
261.8,138.4
262.9,138.2
263.7,139.6
264.7,139
265.8,141.3
266.7,139.5
267.8,141
268.8,140.8
269.8,141
270.7,141.6
271.7,140.6
272.8,139.1
273.9,139.5
274.7,138.9
275.7,140.6
276.9,141.4
278,142.9
278.8,142.8
279.8,144.4
280.8,145.1
282.7,147.6
283.1,147.6
283.8,147.6
284.8,147.3
285.8,145.6
286.9,147.3
287.8,148.2
288.9,146.7
289.7,150
290.6,151.4
291.9,151.1
292.9,152.2
293.7,153
294.7,154.1
295.8,154
296.7,154.3
297.7,155.1
298.8,158.1
299.8,156.9
300.8,155.3
301.8,157.6
302.7,159.2
303.9,159.4
304.7,159.9
305.6,161.2
306.9,161.5
308,160.8
308.7,160.4
309.8,161.8
310.8,163.5
311.8,164.4
312.8,162.9
313.8,166.5
314.8,168
315.8,166.4
316.8,165.9
317.7,166.8
318.8,166.3
319.8,168.4
320.9,170.7
321.9,168.9
322.9,168.8
323.7,170
324.7,172.6
325.8,174.9
326.7,174.7
327.8,176.8
328.8,176.9
329.8,176.3
330.7,176.2
332.6,174.4
333,176.1
333.8,179.5
334.7,177.5
335.7,176.1
336.6,177.8
337.7,175.4
338.8,177.9
339.8,180.2
340.9,182.4
341.7,184.2
342.7,185.7
343.9,184.6
345,182.1
345.7,185
346.6,186.7
347.6,186.3
348.8,184.4
349.8,186.7
350.6,187.8
351.7,185.7
352.7,185.6
353.7,184.5
354.9,185.3
355.9,186.7
356.7,187.4
357.7,187.4
358.8,185.6
359.8,188.2
360.8,187.5
361.6,188.1
362.7,187.1
363.8,188.1
364.9,189.2
365.7,186.9
366.8,186.9
367.7,188.4
368.8,188.8
369.9,188.6
370.9,189.5
371.8,190.5
372.7,189.5
373.7,191.1
374.8,189.6
375.8,188.9
376.6,190.2
377.7,192.6
378.8,194.1
379.9,193.6
381.8,189.9
382.3,190
382.9,190.9
383.7,190.2
384.8,191.8
385.8,192.8
386.8,192.7
387.8,193.6
388.8,194.7
389.8,193.9
390.8,195.8
391.8,194.6
392.8,195.3
393.9,195.8
394.8,192.2
395.9,196.2
396.9,196.5
397.9,192.4
398.7,193.8
399.7,193.9
400.9,192.9
402,193.3
402.7,190
403.8,189.7
404.8,191.2
405.8,191.2
406.9,189.3
407.9,188.6
408.9,187.3
409.7,188.3
410.7,186.7
411.9,182.9
413,182.9
413.8,182.6
414.8,181.9
415.8,178.8
416.8,178.9
417.9,181
418.8,179.5
419.8,178.4
420.7,176
421.6,175.2
422.8,176
423.9,175.2
424.7,172.8
425.7,173
426.8,172.6
427.8,172.3
428.8,171.9
429.8,168.3
430.8,169.2
432.9,166
433.4,165.2
434.1,164.5
434.9,164.2
435.7,164.1
436.7,164.3
437.9,159.7
439,159
439.7,160.3
440.6,159
441.6,159.6
442.8,157.4
443.8,156.4
444.8,153.6
445.8,152.4
446.8,152.3
447.8,153
448.8,149.4
449.9,147.7
450.7,147.4
451.7,146.9
452.9,145.3
454,142.5
454.8,142.5
455.6,138.9
456.6,136.2
457.8,135
458.8,135.2
459.8,133.4
460.8,133.8
461.7,132.5
462.7,131.2
463.9,130.4
464.9,128.5
465.7,127.6
466.7,123.7
467.9,123.4
468.9,122.3
469.7,121.1
470.7,118.1
471.9,115.5
472.9,113.8
473.7,112.2
474.7,111.4
475.9,109.9
477,108.3
477.8,107.9
478.7,106.7
479.8,104.8
480.8,102.8
483.3,101.7
483.5,101.9
484,101.7
484.7,99.5
485.7,98.1
486.9,97.5
487.9,98.4
488.7,97.3
489.8,96.1
490.8,95.7
491.7,94.4
492.8,93.4
493.8,93.8
494.8,92.8
495.8,91.4
496.9,91.4
497.8,91.4
498.9,91.7
499.7,90.5
500.7,90.7
501.9,90.5
503,89.8
503.7,88.2
504.8,88.4
505.8,89.4
506.7,90
507.8,89.9
508.8,89.1
509.8,87.5
510.8,87.2
511.8,87.1
512.8,86.5
513.9,87.4
514.7,86.6
515.7,86.6
516.9,85.7
518,85.7
518.7,86
519.8,85.8
520.8,85.8
521.8,85.1
522.9,84.4
523.8,83.7
524.8,82.7
525.7,84.1
526.6,83.2
527.9,82.7
528.9,84.1
529.7,83.7
530.7,83
533,82.7
533.4,82.4
533.9,82.5
534.7,81.5
535.9,82.7
537,82.3
537.7,81.3
538.8,81.1
539.8,81.6
540.7,82.8
541.6,81.4
542.8,81
543.9,81.8
544.8,81.2
545.9,80.8
546.9,82.4
547.9,81.3
548.7,81.5
549.8,81.2
550.9,80.8
552,79.5
552.7,79.9
553.8,80.1
554.8,80.9
555.7,80.7
556.8,80.8
557.7,81.3
558.8,80.3
559.8,79.2
560.9,79.4
561.8,80.3
562.9,80.1
563.7,79.5
564.7,79.7
565.9,80.5
567,79.8
567.7,79.5
568.8,80
569.8,78.6
570.7,79.3
571.7,78.9
572.9,80.2
574,78.7
574.7,78.4
575.6,78.4
576.6,78.1
577.8,78
578.8,78.9
579.8,78.1
580.8,77.1
583.1,77.9
583.4,78
584.1,77.6
585,76.8
585.8,78
586.6,78.2
587.7,77.3
588.8,77.5
589.9,78
590.6,76.9
591.6,78.1
592.8,78.2
593.9,79.2
594.8,78.1
595.9,77.7
596.7,77.8
597.7,77.3
598.8,77.3
599.8,77.6
600.8,77.7
601.6,76.9
602.7,76.2
603.8,77.7
604.9,78.2
605.6,77.1
606.6,77.2
607.8,78.8
608.8,78.8
609.8,78
611,78.5
611.7,78.3
612.7,77.9
613.6,77.8
614.8,78.8
615.8,78.3
616.6,77.4
617.7,76.7
618.8,77.2
619.8,76.7
620.6,76.4
621.7,76.4
622.7,76.7
623.8,76.5
624.8,77.1
625.8,78.1
626.8,77.6
627.7,77.8
628.7,76.5
629.8,77.3
630.9,77.4
631.8,76
632.7,76.7
633.8,77.8
634.8,76.9
635.7,76.8
636.8,76.6
637.7,76.5
638.7,77
639.6,76.7
640.8,75.7
641.8,75.7
642.7,75.8
643.6,75.7
644.8,76
645.8,75.3
646.6,76.4
647.7,75.8
648.8,76.5
649.8,75.8
650.6,76.1
651.6,75.5
662.3,75.3
662.8,75.4
663.3,76.1
663.8,76.6
664.2,76.9
664.7,76.4
665.2,76.4
665.6,77.1
665.9,76.8
666.3,76.3
666.8,76.5
667.3,75.5
667.7,75.3
668.2,75.1
668.7,75.5
668.9,74.4
669.6,74.8
670.1,74.3
670.9,75.2
671.7,75.6
672.7,75
673.8,73.8
674.8,74.9
675.8,74.7
676.6,74.2
677.7,74.9
678.8,74.9
679.8,74.4
680.7,73.8
683,75.1
683.4,75.7
683.9,74.6
684.8,74.4
685.8,74
686.8,75.8
687.9,75.4
688.8,73.4
689.8,73.9
690.8,74.3
691.8,73.9
692.7,73.8
693.8,73.3
694.8,73.4
695.9,73.3
696.8,73.1
697.7,74.4
698.7,75
699.6,72.8
700.9,73
701.8,73.9
702.7,73.3
703.7,73.2
704.8,72.2
705.6,72.9
706.6,73.1
707.7,72.7
708.8,72.4
709.8,72.9
710.7,72.5
711.7,72.9
712.7,71.9
713.7,73
714.6,72.7
715.9,72.4
716.8,72.5
717.7,72.4
718.7,73.5
719.8,73
720.8,71.8
721.6,73.2
722.7,72.3
723.8,71.6
724.7,71.5
725.7,72.7
726.7,72
727.7,71.9
728.8,72.6
729.8,72.6
730.8,71.8
731.8,71.2
732.7,71.2
733.6,72.2
734.8,71.5
735.8,71.9
736.6,72
737.7,72.5
738.8,72
739.7,71.7
740.6,72.2
741.7,72
742.7,71.3
743.7,72.1
744.8,72.5
745.9,71.2
746.7,71.1
747.7,72.6
748.9,72.9
749.9,71.6
750.7,71.4
751.7,72.3
752.8,72.3
753.8,72
754.7,71.2
755.7,72.8
756.9,71.5
758,71.6
758.7,72.3
759.7,72.1
760.9,71
762,71.4
762.8,71.8
763.8,72.4
764.8,71.4
765.8,71.9
766.9,72.3
767.8,71
768.8,71.1
769.7,71.3
770.5,71
771.7,71.4
772.7,70.8
773.8,70.4
774.8,71.5
775.9,70
776.8,70.2
777.7,70
778.7,71.8
779.8,71.9
780.7,71
783.3,70.6
783.8,71.5
784.2,71.2
784.9,70.5
785.6,70.3
786.6,70.9
787.7,70.8
788.8,70
789.8,69.4
790.9,70.8
791.7,69.6
792.7,70.1
793.9,69.1
795,70.4
795.8,69.7
796.6,69.6
797.7,69.5
799,70.7
799.8,70.7
800.7,69.8
801.8,70
802.8,71
803.8,70.5
804.8,69.4
805.8,69.7
806.8,70.6
807.8,70.1
808.8,69.3
809.8,70
810.8,70.7
811.9,69.9
812.8,69.5
813.9,70.2
814.7,70.2
815.7,71.1
816.9,69.7
818,70.4
818.7,70.4
819.8,70
820.9,69.3
822,70.4
822.8,70.1
823.7,69.5
824.8,69.9
825.7,70.7
826.8,70.4
827.7,70.6
828.8,69.8
829.8,70.3
830.7,69.8
831.8,70.2
832.9,70.9
833.7,70.9
834.7,70.6
835.9,69.5
836.8,70
837.7,69.2
838.7,68.5
839.8,69.2
840.8,69.7
841.6,69.9
842.7,69.6
843.8,69.8
844.7,69.7
845.6,69.8
846.7,69
847.7,69.9
848.7,69.8
849.9,68.4
850.9,69.1
851.7,70.3
852.7,69.8
853.9,68.5
855,69.1
855.8,69.5
856.6,69.4
857.6,68.9
858.8,69.8
859.7,69.1
860.6,68.8
861.6,69.3
862.7,69.8
863.8,68.9
864.8,67.8
865.8,67.9
866.8,68.1
867.9,68.3
868.8,68.9
869.9,0
870.7,0
871.7,0
872.9,0
874,0
874.7,0
875.6,0
876.6,0
877.7,0
878.8,0
879.8,0
880.8,0
883.4,0
883.8,0
884.3,0
"Heat Flux",50
"Number of HRR Data Pairs",171
"sec,kw/m2"
0,50.7
4.5,142
7.8,186.9
11.9,198.3
15.2,190.7
19.4,174.4
23.8,159.7
27.5,147.5
31.8,137.6
35.4,132.2
39.7,128.2
43.8,124.3
47.9,122.3
52.3,116.2
55.5,109.3
59.4,100.1
63.7,91.7
67.8,84.7
71.4,81.1
75.3,80.1
79.6,79.7
83.8,79.8
87.3,82.4
91.3,83.8
95.5,84.9
99.8,84.1
103.4,83.8
107.5,83.5
111.7,81.7
115.6,81.5
119.4,80.5
123.4,80.1
127.6,79.5
131.5,80.2
135.2,81.1
139.3,80.9
143.6,79.4
147.5,78.4
151.1,76.4
155.4,72.8
159.7,69.4
163.3,66.4
167.6,63.5
171.9,61.7
175.5,60.8
179.3,60.5
183.5,61.5
187.7,62
191.6,63.4
195.3,65.3
199.5,68.9
203.7,71.7
207.4,74.7
211.1,78.4
215.3,81.3
219.6,83
223.4,84
227.7,86.4
231.9,87.4
235.4,90
239.4,91.6
243.7,92.2
247.8,93.9
251.4,95.6
255.3,95.6
259.5,96.5
263.6,95.4
267.3,96.6
271.3,96.7
275.5,99.1
279.7,102.1
283.4,106.9
287.5,111.9
291.7,117.7
296.2,123.4
299.4,129.3
303.7,138.8
307.8,148.4
311.4,155.7
315.3,164
319.6,173.6
323.6,178.4
327.3,184.8
331.3,192.9
335.5,194.1
339.7,198
344.1,202.2
347.6,205.2
351.9,209.2
355.6,218.3
359.4,222.8
363.7,222.7
367.8,219.9
371.5,219.5
375.2,213.6
379.5,209.3
383.6,201.4
387.5,192.5
391.3,183.6
395.9,173.4
399.7,165.7
404,156.9
407.6,149.1
411.8,140.6
415.7,132.2
419.4,122.5
423.4,113.9
427.7,108
431.6,100
435.3,92.5
439.5,84.3
444.2,78.8
447.5,72.7
451.3,67.7
455.3,62.8
459.5,58.5
463.4,54.4
467.7,50.6
471.9,48.7
475.4,46.2
479.4,44.3
483.7,42.3
487.8,40.9
491.6,40.2
495.7,39
499.5,38.5
503.8,38.4
507.5,37.1
511.2,36.6
515.5,36.7
519.7,36.3
523.4,35.3
527.4,35.5
531.8,35.5
535.5,35.7
539.2,35
543.5,34.5
547.8,34.3
551.6,34
555.3,33.9
559.3,34
563.6,33.9
567.5,34.4
571.3,33.9
575.2,33.2
579.5,33.2
583.3,32.5
587.6,32.6
591.9,32
596.2,31.8
599.4,31.5
603.4,31.4
607.6,31.7
611.6,31.2
615.3,31.1
619.4,30.8
623.6,30.9
627.5,30.8
631.1,30.8
635.4,30.1
639.7,30.7
643.3,30.9
647.7,30.6
651.8,30.4
655.4,30.6
659.4,30.6
663.6,0
667.8,0
671.6,0
675.1,0
679.5,0
"Ignition Data"
"Number of Pairs",9
"flux kw/m2,ignition time sec, peak hrr kw/m2"
25,71.3,211.2
25,122.9,183.2
30,48,206.6
30,47.1,223.8
35,35.9,229.1
40,19.9,215.3
40,20.2,233.2
50,10.9,222.8
50,19.4,234.5
"Flame Spread Parameter",0
"Min Surface Temp For Spread",0
"Effective Heat of Combustion",0
