"Tukutuku Panel"
"Number of HRR Curves","03"
"Heat Flux",25
"Number of HRR Data Pairs",637
"sec,kw/m2"
0,30
1.5,49.5
4.5,82.2
7.5,98.9
10.5,102.9
13.5,101.5
16.5,98.2
19.5,92.9
22.5,87.5
25.5,83.9
28.5,80.1
31.5,75.6
34.5,70.8
37.5,71.3
40.5,71.8
43.5,69.3
46.5,68.6
49.5,65.6
52.5,63.1
55.5,62.5
58.5,61
61.5,59
64.5,58.6
67.5,57.4
70.5,57.6
73.5,57.3
76.5,56.4
79.5,56.7
82.5,57
85.5,56.5
88.5,58
91.5,60.3
94.5,59.6
97.5,59.8
100.5,59.5
103.5,60
106.5,60.4
109.5,62.2
112.5,63.5
115.5,65.1
118.5,65.3
121.5,66.2
124.5,70.3
127.5,73.3
130.5,74.6
133.5,75
136.5,78.4
139.5,83.6
142.5,87
145.5,90.8
148.5,92.1
151.5,91.3
154.5,88.8
157.5,88.7
160.5,88.2
163.5,87.5
166.5,84.4
169.5,84.9
172.5,83.6
175.5,81.8
178.5,82.2
181.5,85.8
184.5,86.4
187.5,88.4
190.5,88
193.5,86.6
196.5,86.5
199.5,91.4
202.5,92.8
205.5,93.6
208.5,91.1
211.5,85.3
214.5,81.1
217.5,78.3
220.5,76.7
223.5,72.3
226.5,69.5
229.5,66.9
232.5,63.8
235.5,63.8
238.5,61.7
241.5,61.9
244.5,62.5
247.5,61.5
250.5,61.8
253.5,63.7
256.5,63.9
259.5,62.7
262.5,61.5
265.5,60.7
268.5,61.9
271.5,60.5
274.5,57.9
277.5,56.3
280.5,57.9
283.5,57.7
286.5,58
289.5,56.9
292.5,53.4
295.5,52.2
298.5,51.4
301.5,50.3
304.5,49
307.5,48.3
310.5,46.5
313.5,47.5
316.5,48.5
319.5,48
322.5,49.5
325.5,49.7
328.5,49.9
331.5,50
334.5,49.2
337.5,46.9
340.5,44
343.5,41
346.5,38.3
349.5,36
352.5,32.8
355.5,27
358.5,22
361.5,15.4
364.5,11.1
367.5,10.1
370.5,10.4
373.5,8
376.5,10.3
379.5,11.5
382.5,9.8
385.5,8.6
388.5,10.6
391.5,12.4
394.5,11.6
397.5,11.6
400.5,10.9
403.5,9.5
406.5,9.4
409.5,11.8
412.5,11.9
415.5,11.7
418.5,11.5
421.5,11.8
424.5,9.5
427.5,11.1
430.5,12.6
433.5,11.8
436.5,12.6
439.5,11.6
442.5,12.2
445.5,14
448.5,11.7
451.5,10.4
454.5,10.9
457.5,9.1
460.5,8.5
463.5,8.7
466.5,7.6
469.5,7.1
472.5,7.9
475.5,8
478.5,9.2
481.5,9.1
484.5,10.9
487.5,12
490.5,12.2
493.5,11
496.5,10.8
499.5,9
502.5,8.3
505.5,9.5
508.5,9.5
511.5,9
514.5,8.4
517.5,6.1
520.5,6
523.5,6.6
526.5,6.7
529.5,6.4
532.5,5.7
535.5,7.1
538.5,7
541.5,6.7
544.5,7.8
547.5,7.5
550.5,5.1
553.5,4.6
556.5,5.6
559.5,6
562.5,4.3
565.5,3.6
568.5,4
571.5,4
574.5,3.4
577.5,4.7
580.5,5.6
583.5,5.4
586.5,7.5
589.5,5.6
592.5,5.2
595.5,5.8
598.5,5.3
601.5,5.3
604.5,3.9
607.5,4.3
610.5,3.9
613.5,4.7
616.5,4.4
619.5,3.5
622.5,3.6
625.5,3.5
628.5,5.4
631.5,5.6
634.5,4.9
637.5,4.2
640.5,5.1
643.5,4
646.5,2.4
649.5,3
652.5,3.5
655.5,1.4
658.5,1.7
661.5,3.1
664.5,2
667.5,2.6
670.5,2.2
673.5,.7
676.5,.7
679.5,.9
682.5,1.9
685.5,2.3
688.5,3.9
691.5,2.7
694.5,1.1
697.5,.8
700.5,.9
703.5,2
706.5,1.9
709.5,1.1
712.5,.3
715.5,1.4
718.5,.7
721.5,0
724.5,.8
727.5,1
730.5,0
733.5,.2
736.5,0
739.5,.2
742.5,0
745.5,0
748.5,0
751.5,0
754.5,0
757.5,0
760.5,0
763.5,0
766.5,0
769.5,0
772.5,0
775.5,0
778.5,0
781.5,0
784.5,.4
787.5,.2
790.5,0
793.5,0
796.5,0
799.5,0
802.5,0
805.5,0
808.5,0
811.5,0
814.5,0
817.5,0
820.5,0
823.5,0
826.5,0
829.5,0
832.5,0
835.5,0
838.5,0
841.5,0
844.5,0
847.5,0
850.5,0
853.5,0
856.5,0
859.5,0
862.5,0
865.5,0
868.5,0
871.5,0
874.5,0
877.5,0
880.5,0
883.5,0
886.5,0
889.5,0
892.5,0
895.5,0
898.5,0
901.5,0
904.5,0
907.5,0
910.5,0
913.5,0
916.5,0
919.5,0
922.5,0
925.5,0
928.5,0
931.5,0
934.5,0
937.5,0
940.5,0
943.5,0
946.5,0
949.5,0
952.5,0
955.5,0
958.5,0
961.5,0
964.5,0
967.5,0
970.5,0
973.5,0
976.5,0
979.5,0
982.5,0
985.5,0
988.5,0
991.5,0
994.5,0
997.5,0
1000.5,0
1003.5,0
1006.5,0
1009.5,0
1012.5,0
1015.5,0
1018.5,0
1021.5,0
1024.5,0
1027.5,0
1030.5,0
1033.5,0
1036.5,0
1039.5,0
1042.5,0
1045.5,0
1048.5,0
1051.5,0
1054.5,0
1057.5,0
1060.5,0
1063.5,0
1066.5,0
1069.5,0
1072.5,0
1075.5,0
1078.5,0
1081.5,0
1084.5,0
1087.5,0
1090.5,0
1093.5,0
1096.5,0
1099.5,0
1102.5,0
1105.5,0
1108.5,0
1111.5,0
1114.5,0
1117.5,0
1120.5,0
1123.5,0
1126.5,0
1129.5,0
1132.5,0
1135.5,0
1138.5,0
1141.5,0
1144.5,0
1147.5,0
1150.5,0
1153.5,0
1156.5,0
1159.5,0
1162.5,0
1165.5,0
1168.5,0
1171.5,0
1174.5,0
1177.5,0
1180.5,0
1183.5,0
1186.5,0
1189.5,0
1192.5,0
1195.5,0
1198.5,0
1201.5,0
1204.5,0
1207.5,0
1210.5,0
1213.5,0
1216.5,0
1219.5,0
1222.5,0
1225.5,0
1228.5,0
1231.5,0
1234.5,0
1237.5,0
1240.5,0
1243.5,0
1246.5,0
1249.5,0
1252.5,0
1255.5,0
1258.5,0
1261.5,0
1264.5,0
1267.5,0
1270.5,0
1273.5,0
1276.5,0
1279.5,0
1282.5,0
1285.5,0
1288.5,0
1291.5,0
1294.5,0
1297.5,0
1300.5,0
1303.5,0
1306.5,0
1309.5,0
1312.5,0
1315.5,0
1318.5,0
1321.5,0
1324.5,0
1327.5,0
1330.5,0
1333.5,0
1336.5,0
1339.5,0
1342.5,0
1345.5,0
1348.5,0
1351.5,0
1354.5,0
1357.5,0
1360.5,0
1363.5,0
1366.5,0
1369.5,0
1372.5,0
1375.5,0
1378.5,0
1381.5,0
1384.5,0
1387.5,0
1390.5,0
1393.5,0
1396.5,0
1399.5,0
1402.5,0
1405.5,0
1408.5,0
1411.5,0
1414.5,0
1417.5,0
1420.5,0
1423.5,0
1426.5,0
1429.5,0
1432.5,0
1435.5,0
1438.5,0
1441.5,0
1444.5,0
1447.5,0
1450.5,0
1453.5,0
1456.5,0
1459.5,0
1462.5,0
1465.5,0
1468.5,0
1471.5,0
1474.5,0
1477.5,0
1480.5,0
1483.5,0
1486.5,0
1489.5,0
1492.5,0
1495.5,0
1498.5,0
1501.5,0
1504.5,0
1507.5,0
1510.5,0
1513.5,0
1516.5,0
1519.5,0
1522.5,0
1525.5,0
1528.5,0
1531.5,0
1534.5,0
1537.5,0
1540.5,0
1543.5,0
1546.5,0
1549.5,0
1552.5,0
1555.5,0
1558.5,0
1561.5,0
1564.5,0
1567.5,0
1570.5,0
1573.5,0
1576.5,0
1579.5,0
1582.5,0
1585.5,0
1588.5,0
1591.5,0
1594.5,0
1597.5,0
1600.5,0
1603.5,0
1606.5,0
1609.5,0
1612.5,0
1615.5,0
1618.5,0
1621.5,0
1624.5,0
1627.5,0
1630.5,0
1633.5,0
1636.5,0
1639.5,0
1642.5,0
1645.5,0
1648.5,0
1651.5,0
1654.5,0
1657.5,0
1660.5,0
1663.5,0
1666.5,0
1669.5,0
1672.5,0
1675.5,0
1678.5,0
1681.5,0
1684.5,0
1687.5,0
1690.5,0
1693.5,0
1696.5,0
1699.5,0
1702.5,0
1705.5,0
1708.5,0
1711.5,0
1714.5,0
1717.5,0
1720.5,0
1723.5,0
1726.5,0
1729.5,0
1732.5,0
1735.5,0
1738.5,0
1741.5,0
1744.5,0
1747.5,0
1750.5,0
1753.5,0
1756.5,0
1759.5,0
1762.5,0
1765.5,0
1768.5,0
1771.5,0
1774.5,0
1777.5,0
1780.5,0
1783.5,0
1786.5,0
1789.5,0
1792.5,0
1795.5,0
1798.5,0
1801.5,0
1804.5,0
1807.5,0
1810.5,0
1813.5,0
1816.5,0
1819.5,0
1822.5,0
1825.5,0
1828.5,0
1831.5,0
1834.5,0
1837.5,0
1840.5,0
1843.5,0
1846.5,0
1849.5,0
1852.5,0
1855.5,0
1858.5,0
1861.5,0
1864.5,0
1867.5,0
1870.5,0
1873.5,0
1876.5,0
1879.5,0
1882.5,0
1885.5,0
1888.5,0
1891.5,0
1894.5,0
1897.5,0
1900.5,0
1903.5,0
1906.5,0
"Heat Flux",35
"Number of HRR Data Pairs",424
"sec,kw/m2"
0,30
.3,33
3.3,76.8
6.3,102.9
9.3,109.8
12.3,111.6
15.3,106
18.3,103.2
21.3,98.2
24.3,94
27.3,90.9
30.3,89.6
33.3,87.4
36.3,86
39.3,86.7
42.3,84.3
45.3,83.9
48.3,82.6
51.3,80.4
54.3,78.8
57.3,79.6
60.3,78.8
63.3,78.4
66.3,76.5
69.3,76.7
72.3,75.8
75.3,78.2
78.3,80.5
81.3,82.3
84.3,84.7
87.3,84.4
90.3,82.9
93.3,83.4
96.3,82.3
99.3,83.6
102.3,86.4
105.3,87.6
108.3,90.3
111.3,91
114.3,91.1
117.3,93.5
120.3,95.7
123.3,97.8
126.3,100.9
129.3,103.2
132.3,103.8
135.3,106.1
138.3,107.5
141.3,108.6
144.3,109.9
147.3,111
150.3,112.5
153.3,111.6
156.3,110.8
159.3,112.2
162.3,113.7
165.3,117.2
168.3,116.7
171.3,114.8
174.3,116
177.3,117.1
180.3,116.3
183.3,114.9
186.3,113.9
189.3,114.7
192.3,114.4
195.3,113.7
198.3,112.6
201.3,112
204.3,112.2
207.3,110.5
210.3,106.5
213.3,104.2
216.3,101.6
219.3,99.7
222.3,96.3
225.3,96.3
228.3,93.7
231.3,94.3
234.3,94.6
237.3,94.3
240.3,93.5
243.3,91.7
246.3,92.7
249.3,89.1
252.3,86.6
255.3,87.6
258.3,87.5
261.3,88.8
264.3,88.5
267.3,90.6
270.3,88.8
273.3,90.3
276.3,89.7
279.3,87.9
282.3,88
285.3,88.7
288.3,89.8
291.3,87.9
294.3,84.8
297.3,78.7
300.3,75.5
303.3,70.4
306.3,66.3
309.3,63.7
312.3,61.6
315.3,58.8
318.3,55.9
321.3,51.5
324.3,50.9
327.3,45.7
330.3,40.7
333.3,37.6
336.3,35.3
339.3,35.3
342.3,35.8
345.3,35.8
348.3,36.1
351.3,36
354.3,36.9
357.3,36
360.3,37.3
363.3,36.6
366.3,35.9
369.3,36.3
372.3,36.3
375.3,36.6
378.3,35.4
381.3,33.8
384.3,34.6
387.3,35.8
390.3,35
393.3,33.6
396.3,32.5
399.3,32.8
402.3,34
405.3,34.2
408.3,35.1
411.3,35
414.3,34
417.3,33.4
420.3,33.4
423.3,33.1
426.3,34.5
429.3,33.2
432.3,33
435.3,34
438.3,34.1
441.3,35.7
444.3,35
447.3,34.1
450.3,34.9
453.3,34.5
456.3,34.5
459.3,34.6
462.3,34.9
465.3,33.3
468.3,31.9
471.3,32.7
474.3,33.4
477.3,33.7
480.3,34.5
483.3,34
486.3,33.6
489.3,33.5
492.3,33.9
495.3,33.1
498.3,33.7
501.3,33.9
504.3,33.4
507.3,34
510.3,35.6
513.3,33.4
516.3,33.1
519.3,32.5
522.3,32.2
525.3,32.4
528.3,32.5
531.3,30.8
534.3,32.1
537.3,33.3
540.3,33.7
543.3,32.2
546.3,32.2
549.3,32.4
552.3,32.4
555.3,32.9
558.3,33.6
561.3,32.1
564.3,32.1
567.3,33.1
570.3,32.8
573.3,32.7
576.3,33.2
579.3,31.5
582.3,30.5
585.3,29.7
588.3,29.5
591.3,29.9
594.3,29.8
597.3,29.8
600.3,30.9
603.3,30.5
606.3,29.8
609.3,30.3
612.3,29.6
615.3,30.2
618.3,30
621.3,29.2
624.3,30.6
627.3,29.7
630.3,28.6
633.3,29.4
636.3,29.6
639.3,29
642.3,29.7
645.3,28.5
648.3,29
651.3,28.2
654.3,29.4
657.3,30
660.3,30.2
663.3,30.2
666.3,29
669.3,28.3
672.3,29.3
675.3,29.9
678.3,29.5
681.3,29.3
684.3,28.5
687.3,28.5
690.3,27.7
693.3,28
696.3,27.4
699.3,27.1
702.3,28.3
705.3,29.1
708.3,29
711.3,27.5
714.3,27.3
717.3,28.7
720.3,28.4
723.3,28.1
726.3,28.6
729.3,28.2
732.3,28.1
735.3,29.2
738.3,26.3
741.3,27.9
744.3,27
747.3,26.9
750.3,26
753.3,25.8
756.3,27
759.3,27.5
762.3,27.8
765.3,28.4
768.3,26.7
771.3,26.6
774.3,28
777.3,28.6
780.3,27.7
783.3,27.4
786.3,27.6
789.3,27.3
792.3,26.4
795.3,26.7
798.3,27.2
801.3,27.6
804.3,26.9
807.3,27.3
810.3,28.7
813.3,29.1
816.3,27.7
819.3,27.2
822.3,27.8
825.3,27.7
828.3,25
831.3,25.9
834.3,26.4
837.3,26.3
840.3,25.3
843.3,24.5
846.3,24.3
849.3,24.3
852.3,23.8
855.3,23.9
858.3,25.6
861.3,25.4
864.3,24.2
867.3,23.1
870.3,23.4
873.3,22.7
876.3,22.6
879.3,22.2
882.3,20.3
885.3,20.3
888.3,21.3
891.3,21.6
894.3,21.2
897.3,21.2
900.3,22.7
903.3,23.4
906.3,21.7
909.3,22.8
912.3,21.2
915.3,21.7
918.3,20.9
921.3,20.7
924.3,21.1
927.3,21.2
930.3,22.2
933.3,20.7
936.3,19.6
939.3,20.7
942.3,21.2
945.3,19.9
948.3,20.3
951.3,20.6
954.3,20
957.3,19.5
960.3,20.4
963.3,20.3
966.3,19.9
969.3,18.9
972.3,18.4
975.3,18.4
978.3,19.9
981.3,19.2
984.3,19.5
987.3,18.1
990.3,19.2
993.3,19.1
996.3,18.6
999.3,17.4
1002.3,17.8
1005.3,16.4
1008.3,17.4
1011.3,18.9
1014.3,18.3
1017.3,18.4
1020.3,20
1023.3,19.2
1026.3,19.6
1029.3,18.2
1032.3,17.7
1035.3,17.1
1038.3,18.1
1041.3,18.3
1044.3,18.6
1047.3,17.7
1050.3,18.1
1053.3,18
1056.3,18
1059.3,18.1
1062.3,18.4
1065.3,17.8
1068.3,17.4
1071.3,17.6
1074.3,17
1077.3,18.4
1080.3,18.8
1083.3,18.2
1086.3,17
1089.3,16.1
1092.3,16.5
1095.3,16
1098.3,15.5
1101.3,15.3
1104.3,16.1
1107.3,16.4
1110.3,15.8
1113.3,16
1116.3,15.2
1119.3,15.7
1122.3,13.9
1125.3,13.4
1128.3,13.8
1131.3,15.4
1134.3,16.5
1137.3,14.3
1140.3,14
1143.3,12.6
1146.3,8.8
1149.3,7.6
1152.3,8.6
1155.3,7.2
1158.3,6.2
1161.3,5.8
1164.3,6.2
1167.3,7.7
1170.3,6.8
1173.3,7
1176.3,7.5
1179.3,8
1182.3,7.5
1185.3,8.6
1188.3,8.4
1191.3,7.1
1194.3,7.5
1197.3,8.5
1200.3,8.5
1203.3,8.3
1206.3,8.5
1209.3,9.4
1212.3,9.2
1215.3,9.5
1218.3,11.2
1221.3,10
1224.3,9.9
1227.3,10.1
1230.3,9.5
1233.3,9
1236.3,9.3
1239.3,10.2
1242.3,10.4
1245.3,9.2
1248.3,10.1
1251.3,10.1
1254.3,11.8
1257.3,10.2
1260.3,10.3
1263.3,10.9
1266.3,11
"Heat Flux",50
"Number of HRR Data Pairs",839
"sec,kw/m2"
0,30
2,55.3
5,90.5
8,114.1
11,130.4
14,140.6
17,145.1
20,144.1
23,139.5
26,132.9
29,132.7
32,130.3
35,123.6
38,119.1
41,119.6
44,119.8
47,115.6
50,110.6
53,112.2
56,112.9
59,113
62,112
65,111.4
68,111.2
71,113.8
74,112.1
77,113.6
80,115.1
83,116.4
86,119.6
89,118.8
92,119.8
95,121.2
98,123.4
101,124.6
104,127.7
107,129.9
110,131
113,132.7
116,136.9
119,142.1
122,145
125,148.5
128,150.9
131,159.8
134,167.6
137,170
140,171
143,170.6
146,166.4
149,166.3
152,164.6
155,162.2
158,156.6
161,159.6
164,161.7
167,159.2
170,158.5
173,156.7
176,151.4
179,143
182,135.8
185,131
188,128.2
191,124.3
194,122.9
197,124.9
200,123.7
203,121.9
206,122
209,122.8
212,123.7
215,124.6
218,126.9
221,129.4
224,129.2
227,128.5
230,127.4
233,126.9
236,126.6
239,121.7
242,117.2
245,114.2
248,106.2
251,99
254,95.9
257,92.5
260,84.7
263,77.8
266,70.1
269,63.6
272,57.8
275,54.4
278,49.2
281,46.9
284,45.2
287,43.3
290,42.7
293,41.7
296,39.6
299,36.9
302,36.8
305,36.4
308,34.8
311,34.4
314,33.8
317,34.6
320,35.8
323,35.9
326,36.4
329,34.3
332,34.5
335,35.9
338,37.2
341,36.8
344,35.8
347,34.8
350,34.9
353,33.8
356,32.5
359,33.6
362,32.7
365,31.6
368,30.6
371,31.8
374,29.6
377,30.3
380,31.8
383,31.7
386,29.5
389,30.3
392,29.7
395,30.5
398,31.1
401,30.7
404,30
407,30.8
410,31.3
413,32.1
416,31.1
419,29.3
422,31
425,31.1
428,30.9
431,30.9
434,29.9
437,30
440,29.3
443,29.3
446,29.2
449,30.4
452,30.9
455,30.2
458,30.2
461,29.6
464,29.5
467,28.3
470,28.1
473,27.2
476,28
479,26.5
482,25.2
485,26.1
488,25.4
491,25.2
494,24.5
497,23.9
500,25.8
503,25.2
506,24.7
509,24.7
512,23.7
515,25.3
518,25.7
521,25
524,24
527,23.7
530,23
533,23.4
536,24.5
539,26.8
542,26.5
545,26.1
548,27.1
551,27.7
554,25.1
557,26.3
560,28
563,25.4
566,24.7
569,26.2
572,24.9
575,25.1
578,25.4
581,25.4
584,25.8
587,24.8
590,25.8
593,25.1
596,24.8
599,24.1
602,21.7
605,20.6
608,19.3
611,20.2
614,21.7
617,20.8
620,22.5
623,20.4
626,19.7
629,19.1
632,19.9
635,17.9
638,17.8
641,18.8
644,18.8
647,20.3
650,19.9
653,19.7
656,18.7
659,18.3
662,17.9
665,18.3
668,18.5
671,18.2
674,18.8
677,19.7
680,20.5
683,19.4
686,19.2
689,20.1
692,18.8
695,18.9
698,18.8
701,18
704,18.2
707,17.1
710,17.8
713,17.8
716,17.3
719,18.7
722,18.4
725,17.7
728,17.6
731,16.8
734,16.8
737,17.9
740,16
743,14.7
746,15
749,14.6
752,15.2
755,16.5
758,16.3
761,15.4
764,15.7
767,14.8
770,16
773,15.3
776,16.1
779,15.2
782,13.5
785,12.6
788,13
791,14
794,14.7
797,13.7
800,15.4
803,15.1
806,15.2
809,14
812,13
815,14.6
818,14.2
821,14.1
824,14.2
827,13.1
830,13.2
833,13.1
836,11.4
839,12.2
842,11.5
845,11.3
848,13
851,12.9
854,11.2
857,11.5
860,10.9
863,11
866,10.6
869,10.3
872,10.6
875,8.4
878,9.7
881,9.5
884,9.2
887,9.3
890,9.6
893,7.9
896,9.9
899,9.3
902,10.5
905,10.1
908,11
911,11.6
914,10.2
917,9.8
920,10.8
923,8.2
926,7.6
929,7.2
932,8.4
935,8.3
938,9.4
941,8.8
944,8.3
947,7
950,6.5
953,7.9
956,7.2
959,8.3
962,7.6
965,8
968,7.9
971,6.9
974,6.6
977,5.4
980,6.5
983,6.7
986,5
989,4.2
992,3.5
995,4.2
998,4.9
1001,4.2
1004,4.6
1007,3.5
1010,4.8
1013,5.7
1016,5.9
1019,5.3
1022,4.8
1025,5.5
1028,5.5
1031,5.9
1034,4.9
1037,4.9
1040,5.3
1043,5.5
1046,6.3
1049,6.1
1052,4.5
1055,4.2
1058,4.5
1061,3.9
1064,3.5
1067,2.7
1070,1.7
1073,.6
1076,0
1079,0
1082,0
1085,0
1088,0
1091,0
1094,0
1097,0
1100,0
1103,0
1106,.1
1109,0
1112,0
1115,0
1118,0
1121,0
1124,0
1127,0
1130,0
1133,0
1136,0
1139,0
1142,0
1145,0
1148,0
1151,0
1154,0
1157,0
1160,0
1163,0
1166,0
1169,0
1172,0
1175,0
1178,0
1181,0
1184,0
1187,0
1190,0
1193,0
1196,0
1199,0
1202,0
1205,0
1208,0
1211,0
1214,0
1217,0
1220,0
1223,0
1226,0
1229,0
1232,0
1235,0
1238,0
1241,0
1244,0
1247,0
1250,0
1253,0
1256,0
1259,0
1262,0
1265,0
1268,0
1271,0
1274,0
1277,0
1280,0
1283,0
1286,0
1289,0
1292,0
1295,0
1298,0
1301,0
1304,0
1307,0
1310,0
1313,0
1316,0
1319,0
1322,0
1325,0
1328,0
1331,0
1334,0
1337,0
1340,0
1343,0
1346,0
1349,0
1352,0
1355,0
1358,0
1361,0
1364,0
1367,0
1370,0
1373,0
1376,0
1379,0
1382,0
1385,0
1388,0
1391,0
1394,0
1397,0
1400,0
1403,0
1406,0
1409,0
1412,0
1415,0
1418,0
1421,0
1424,0
1427,0
1430,0
1433,0
1436,0
1439,0
1442,0
1445,0
1448,0
1451,0
1454,0
1457,0
1460,0
1463,0
1466,0
1469,0
1472,0
1475,0
1478,0
1481,0
1484,0
1487,0
1490,0
1493,0
1496,0
1499,0
1502,0
1505,0
1508,0
1511,0
1514,0
1517,0
1520,0
1523,0
1526,0
1529,0
1532,0
1535,0
1538,0
1541,0
1544,0
1547,0
1550,0
1553,0
1556,0
1559,0
1562,0
1565,0
1568,0
1571,0
1574,0
1577,0
1580,0
1583,0
1586,0
1589,0
1592,0
1595,0
1598,0
1601,0
1604,0
1607,0
1610,0
1613,0
1616,0
1619,0
1622,0
1625,0
1628,0
1631,0
1634,0
1637,0
1640,0
1643,0
1646,0
1649,0
1652,0
1655,0
1658,0
1661,0
1664,0
1667,0
1670,0
1673,0
1676,0
1679,0
1682,0
1685,0
1688,0
1691,0
1694,0
1697,0
1700,0
1703,0
1706,0
1709,0
1712,0
1715,0
1718,0
1721,0
1724,0
1727,0
1730,0
1733,0
1736,0
1739,0
1742,0
1745,0
1748,0
1751,0
1754,0
1757,0
1760,0
1763,0
1766,0
1769,0
1772,0
1775,0
1778,0
1781,0
1784,0
1787,0
1790,0
1793,0
1796,0
1799,0
1802,0
1805,0
1808,0
1811,0
1814,0
1817,0
1820,0
1823,0
1826,0
1829,0
1832,0
1835,0
1838,0
1841,0
1844,0
1847,0
1850,0
1853,0
1856,0
1859,0
1862,0
1865,0
1868,0
1871,0
1874,0
1877,0
1880,0
1883,0
1886,0
1889,0
1892,0
1895,0
1898,0
1901,0
1904,0
1907,0
1910,0
1913,0
1916,0
1919,0
1922,0
1925,0
1928,0
1931,0
1934,0
1937,0
1940,0
1943,0
1946,0
1949,0
1952,0
1955,0
1958,0
1961,0
1964,0
1967,0
1970,0
1973,0
1976,0
1979,0
1982,0
1985,0
1988,0
1991,0
1994,0
1997,0
2000,0
2003,0
2006,0
2009,0
2012,0
2015,0
2018,0
2021,0
2024,0
2027,0
2030,0
2033,0
2036,0
2039,0
2042,0
2045,0
2048,0
2051,0
2054,0
2057,0
2060,0
2063,0
2066,0
2069,0
2072,0
2075,0
2078,0
2081,0
2084,0
2087,0
2090,0
2093,0
2096,0
2099,0
2102,0
2105,0
2108,0
2111,0
2114,0
2117,0
2120,0
2123,0
2126,0
2129,0
2132,0
2135,0
2138,0
2141,0
2144,0
2147,0
2150,0
2153,0
2156,0
2159,0
2162,0
2165,0
2168,0
2171,0
2174,0
2177,0
2180,0
2183,0
2186,0
2189,0
2192,0
2195,0
2198,0
2201,0
2204,0
2207,0
2210,0
2213,0
2216,0
2219,0
2222,0
2225,0
2228,0
2231,0
2234,0
2237,0
2240,0
2243,0
2246,0
2249,0
2252,0
2255,0
2258,0
2261,0
2264,0
2267,0
2270,0
2273,0
2276,0
2279,0
2282,0
2285,0
2288,0
2291,0
2294,0
2297,0
2300,0
2303,0
2306,0
2309,0
2312,0
2315,0
2318,0
2321,0
2324,0
2327,0
2330,0
2333,0
2336,0
2339,0
2342,0
2345,0
2348,0
2351,0
2354,0
2357,0
2360,0
2363,0
2366,0
2369,0
2372,0
2375,0
2378,0
2381,0
2384,0
2387,0
2390,0
2393,0
2396,0
2399,0
2402,0
2405,0
2408,0
2411,0
2414,0
2417,0
2420,0
2423,0
2426,0
2429,0
2432,0
2435,0
2438,0
2441,0
2444,0
2447,0
2450,0
2453,0
2456,0
2459,0
2462,0
2465,0
2468,0
2471,0
2474,0
2477,0
2480,0
2483,0
2486,0
2489,0
2492,0
2495,0
2498,0
2501,0
2504,0
2507,0
2510,0
2513,0
"Ignition Data"
"Number of Pairs",8
"flux kw/m2,ignition time sec, peak hrr kw/m2"
25,70.5,102.9
25,64.2,112.8
35,20.7,117.2
35,24.4,135.7
35,31.3,171.7
50,1,171
50,2.3,175.6
50,1.9,156.7
"Flame Spread Parameter",0
"Min Surface Temp For Spread",0
"Effective Heat of Combustion","10.8"
